1.00 0.00 0.00 0.00 0.00 0.00 0.00 0.00 0.00 0.00 0.00 0.00 0.00 0.00 0.00 0.00 0.00 0.00 0.00 0.00 0.00 0.00 0.00 0.00 0.00 0.00 0.00 0.00 0.00 0.00 0.00 0.00 0.00 0.00 0.00 0.00 0.00 0.00 0.00 0.00 0.00 0.00 0.00 0.00 0.00 0.00 0.00 0.00 0.00 0.00 0.00 0.00 0.00 0.00 0.00 0.00 0.00 0.00 0.00 0.00 0.00 0.00 0.00 0.00 0.00 0.00 0.00 0.00 0.00 0.00 0.00 0.00 0.00 0.00 0.00 0.00 0.00 0.00 0.00 0.00
0.51 1.00 0.00 0.00 0.00 0.00 0.00 0.00 0.00 0.00 0.00 0.00 0.00 0.00 0.00 0.00 0.00 0.00 0.00 0.00 0.00 0.00 0.00 0.00 0.00 0.00 0.00 0.00 0.00 0.00 0.00 0.00 0.00 0.00 0.00 0.00 0.00 0.00 0.00 0.00 0.00 0.00 0.00 0.00 0.00 0.00 0.00 0.00 0.00 0.00 0.00 0.00 0.00 0.00 0.00 0.00 0.00 0.00 0.00 0.00 0.00 0.00 0.00 0.00 0.00 0.00 0.00 0.00 0.00 0.00 0.00 0.00 0.00 0.00 0.00 0.00 0.00 0.00 0.00 0.00
0.30 0.28 1.00 0.00 0.00 0.00 0.00 0.00 0.00 0.00 0.00 0.00 0.00 0.00 0.00 0.00 0.00 0.00 0.00 0.00 0.00 0.00 0.00 0.00 0.00 0.00 0.00 0.00 0.00 0.00 0.00 0.00 0.00 0.00 0.00 0.00 0.00 0.00 0.00 0.00 0.00 0.00 0.00 0.00 0.00 0.00 0.00 0.00 0.00 0.00 0.00 0.00 0.00 0.00 0.00 0.00 0.00 0.00 0.00 0.00 0.00 0.00 0.00 0.00 0.00 0.00 0.00 0.00 0.00 0.00 0.00 0.00 0.00 0.00 0.00 0.00 0.00 0.00 0.00 0.00
0.29 0.29 0.25 1.00 0.00 0.00 0.00 0.00 0.00 0.00 0.00 0.00 0.00 0.00 0.00 0.00 0.00 0.00 0.00 0.00 0.00 0.00 0.00 0.00 0.00 0.00 0.00 0.00 0.00 0.00 0.00 0.00 0.00 0.00 0.00 0.00 0.00 0.00 0.00 0.00 0.00 0.00 0.00 0.00 0.00 0.00 0.00 0.00 0.00 0.00 0.00 0.00 0.00 0.00 0.00 0.00 0.00 0.00 0.00 0.00 0.00 0.00 0.00 0.00 0.00 0.00 0.00 0.00 0.00 0.00 0.00 0.00 0.00 0.00 0.00 0.00 0.00 0.00 0.00 0.00
0.64 0.49 0.35 0.26 1.00 0.00 0.00 0.00 0.00 0.00 0.00 0.00 0.00 0.00 0.00 0.00 0.00 0.00 0.00 0.00 0.00 0.00 0.00 0.00 0.00 0.00 0.00 0.00 0.00 0.00 0.00 0.00 0.00 0.00 0.00 0.00 0.00 0.00 0.00 0.00 0.00 0.00 0.00 0.00 0.00 0.00 0.00 0.00 0.00 0.00 0.00 0.00 0.00 0.00 0.00 0.00 0.00 0.00 0.00 0.00 0.00 0.00 0.00 0.00 0.00 0.00 0.00 0.00 0.00 0.00 0.00 0.00 0.00 0.00 0.00 0.00 0.00 0.00 0.00 0.00
0.56 0.40 0.23 0.23 0.53 1.00 0.00 0.00 0.00 0.00 0.00 0.00 0.00 0.00 0.00 0.00 0.00 0.00 0.00 0.00 0.00 0.00 0.00 0.00 0.00 0.00 0.00 0.00 0.00 0.00 0.00 0.00 0.00 0.00 0.00 0.00 0.00 0.00 0.00 0.00 0.00 0.00 0.00 0.00 0.00 0.00 0.00 0.00 0.00 0.00 0.00 0.00 0.00 0.00 0.00 0.00 0.00 0.00 0.00 0.00 0.00 0.00 0.00 0.00 0.00 0.00 0.00 0.00 0.00 0.00 0.00 0.00 0.00 0.00 0.00 0.00 0.00 0.00 0.00 0.00
0.36 0.30 0.36 0.38 0.40 0.28 1.00 0.00 0.00 0.00 0.00 0.00 0.00 0.00 0.00 0.00 0.00 0.00 0.00 0.00 0.00 0.00 0.00 0.00 0.00 0.00 0.00 0.00 0.00 0.00 0.00 0.00 0.00 0.00 0.00 0.00 0.00 0.00 0.00 0.00 0.00 0.00 0.00 0.00 0.00 0.00 0.00 0.00 0.00 0.00 0.00 0.00 0.00 0.00 0.00 0.00 0.00 0.00 0.00 0.00 0.00 0.00 0.00 0.00 0.00 0.00 0.00 0.00 0.00 0.00 0.00 0.00 0.00 0.00 0.00 0.00 0.00 0.00 0.00 0.00
0.41 0.33 0.19 0.20 0.38 0.38 0.23 1.00 0.00 0.00 0.00 0.00 0.00 0.00 0.00 0.00 0.00 0.00 0.00 0.00 0.00 0.00 0.00 0.00 0.00 0.00 0.00 0.00 0.00 0.00 0.00 0.00 0.00 0.00 0.00 0.00 0.00 0.00 0.00 0.00 0.00 0.00 0.00 0.00 0.00 0.00 0.00 0.00 0.00 0.00 0.00 0.00 0.00 0.00 0.00 0.00 0.00 0.00 0.00 0.00 0.00 0.00 0.00 0.00 0.00 0.00 0.00 0.00 0.00 0.00 0.00 0.00 0.00 0.00 0.00 0.00 0.00 0.00 0.00 0.00
0.63 0.50 0.33 0.35 0.61 0.50 0.46 0.37 1.00 0.00 0.00 0.00 0.00 0.00 0.00 0.00 0.00 0.00 0.00 0.00 0.00 0.00 0.00 0.00 0.00 0.00 0.00 0.00 0.00 0.00 0.00 0.00 0.00 0.00 0.00 0.00 0.00 0.00 0.00 0.00 0.00 0.00 0.00 0.00 0.00 0.00 0.00 0.00 0.00 0.00 0.00 0.00 0.00 0.00 0.00 0.00 0.00 0.00 0.00 0.00 0.00 0.00 0.00 0.00 0.00 0.00 0.00 0.00 0.00 0.00 0.00 0.00 0.00 0.00 0.00 0.00 0.00 0.00 0.00 0.00
0.32 0.26 0.19 0.22 0.29 0.27 0.19 0.22 0.27 1.00 0.00 0.00 0.00 0.00 0.00 0.00 0.00 0.00 0.00 0.00 0.00 0.00 0.00 0.00 0.00 0.00 0.00 0.00 0.00 0.00 0.00 0.00 0.00 0.00 0.00 0.00 0.00 0.00 0.00 0.00 0.00 0.00 0.00 0.00 0.00 0.00 0.00 0.00 0.00 0.00 0.00 0.00 0.00 0.00 0.00 0.00 0.00 0.00 0.00 0.00 0.00 0.00 0.00 0.00 0.00 0.00 0.00 0.00 0.00 0.00 0.00 0.00 0.00 0.00 0.00 0.00 0.00 0.00 0.00 0.00
0.36 0.33 0.25 0.25 0.37 0.38 0.29 0.32 0.39 0.35 1.00 0.00 0.00 0.00 0.00 0.00 0.00 0.00 0.00 0.00 0.00 0.00 0.00 0.00 0.00 0.00 0.00 0.00 0.00 0.00 0.00 0.00 0.00 0.00 0.00 0.00 0.00 0.00 0.00 0.00 0.00 0.00 0.00 0.00 0.00 0.00 0.00 0.00 0.00 0.00 0.00 0.00 0.00 0.00 0.00 0.00 0.00 0.00 0.00 0.00 0.00 0.00 0.00 0.00 0.00 0.00 0.00 0.00 0.00 0.00 0.00 0.00 0.00 0.00 0.00 0.00 0.00 0.00 0.00 0.00
0.38 0.33 0.25 0.33 0.31 0.37 0.33 0.26 0.44 0.28 0.48 1.00 0.00 0.00 0.00 0.00 0.00 0.00 0.00 0.00 0.00 0.00 0.00 0.00 0.00 0.00 0.00 0.00 0.00 0.00 0.00 0.00 0.00 0.00 0.00 0.00 0.00 0.00 0.00 0.00 0.00 0.00 0.00 0.00 0.00 0.00 0.00 0.00 0.00 0.00 0.00 0.00 0.00 0.00 0.00 0.00 0.00 0.00 0.00 0.00 0.00 0.00 0.00 0.00 0.00 0.00 0.00 0.00 0.00 0.00 0.00 0.00 0.00 0.00 0.00 0.00 0.00 0.00 0.00 0.00
0.65 0.49 0.23 0.25 0.58 0.50 0.24 0.45 0.52 0.45 0.42 0.32 1.00 0.00 0.00 0.00 0.00 0.00 0.00 0.00 0.00 0.00 0.00 0.00 0.00 0.00 0.00 0.00 0.00 0.00 0.00 0.00 0.00 0.00 0.00 0.00 0.00 0.00 0.00 0.00 0.00 0.00 0.00 0.00 0.00 0.00 0.00 0.00 0.00 0.00 0.00 0.00 0.00 0.00 0.00 0.00 0.00 0.00 0.00 0.00 0.00 0.00 0.00 0.00 0.00 0.00 0.00 0.00 0.00 0.00 0.00 0.00 0.00 0.00 0.00 0.00 0.00 0.00 0.00 0.00
0.26 0.24 0.16 0.17 0.24 0.23 0.19 0.33 0.24 0.32 0.40 0.18 0.47 1.00 0.00 0.00 0.00 0.00 0.00 0.00 0.00 0.00 0.00 0.00 0.00 0.00 0.00 0.00 0.00 0.00 0.00 0.00 0.00 0.00 0.00 0.00 0.00 0.00 0.00 0.00 0.00 0.00 0.00 0.00 0.00 0.00 0.00 0.00 0.00 0.00 0.00 0.00 0.00 0.00 0.00 0.00 0.00 0.00 0.00 0.00 0.00 0.00 0.00 0.00 0.00 0.00 0.00 0.00 0.00 0.00 0.00 0.00 0.00 0.00 0.00 0.00 0.00 0.00 0.00 0.00
0.28 0.29 0.23 0.30 0.30 0.30 0.26 0.27 0.29 0.34 0.52 0.25 0.41 0.54 1.00 0.00 0.00 0.00 0.00 0.00 0.00 0.00 0.00 0.00 0.00 0.00 0.00 0.00 0.00 0.00 0.00 0.00 0.00 0.00 0.00 0.00 0.00 0.00 0.00 0.00 0.00 0.00 0.00 0.00 0.00 0.00 0.00 0.00 0.00 0.00 0.00 0.00 0.00 0.00 0.00 0.00 0.00 0.00 0.00 0.00 0.00 0.00 0.00 0.00 0.00 0.00 0.00 0.00 0.00 0.00 0.00 0.00 0.00 0.00 0.00 0.00 0.00 0.00 0.00 0.00
0.31 0.31 0.23 0.27 0.29 0.31 0.28 0.27 0.30 0.34 0.63 0.41 0.37 0.46 0.62 1.00 0.00 0.00 0.00 0.00 0.00 0.00 0.00 0.00 0.00 0.00 0.00 0.00 0.00 0.00 0.00 0.00 0.00 0.00 0.00 0.00 0.00 0.00 0.00 0.00 0.00 0.00 0.00 0.00 0.00 0.00 0.00 0.00 0.00 0.00 0.00 0.00 0.00 0.00 0.00 0.00 0.00 0.00 0.00 0.00 0.00 0.00 0.00 0.00 0.00 0.00 0.00 0.00 0.00 0.00 0.00 0.00 0.00 0.00 0.00 0.00 0.00 0.00 0.00 0.00
0.32 0.27 0.21 0.23 0.27 0.25 0.21 0.32 0.28 0.40 0.44 0.24 0.47 0.69 0.56 0.45 1.00 0.00 0.00 0.00 0.00 0.00 0.00 0.00 0.00 0.00 0.00 0.00 0.00 0.00 0.00 0.00 0.00 0.00 0.00 0.00 0.00 0.00 0.00 0.00 0.00 0.00 0.00 0.00 0.00 0.00 0.00 0.00 0.00 0.00 0.00 0.00 0.00 0.00 0.00 0.00 0.00 0.00 0.00 0.00 0.00 0.00 0.00 0.00 0.00 0.00 0.00 0.00 0.00 0.00 0.00 0.00 0.00 0.00 0.00 0.00 0.00 0.00 0.00 0.00
0.32 0.31 0.23 0.28 0.31 0.34 0.23 0.27 0.32 0.36 0.41 0.31 0.36 0.33 0.45 0.39 0.46 1.00 0.00 0.00 0.00 0.00 0.00 0.00 0.00 0.00 0.00 0.00 0.00 0.00 0.00 0.00 0.00 0.00 0.00 0.00 0.00 0.00 0.00 0.00 0.00 0.00 0.00 0.00 0.00 0.00 0.00 0.00 0.00 0.00 0.00 0.00 0.00 0.00 0.00 0.00 0.00 0.00 0.00 0.00 0.00 0.00 0.00 0.00 0.00 0.00 0.00 0.00 0.00 0.00 0.00 0.00 0.00 0.00 0.00 0.00 0.00 0.00 0.00 0.00
0.41 0.31 0.24 0.27 0.32 0.33 0.21 0.35 0.32 0.33 0.50 0.28 0.45 0.49 0.52 0.51 0.59 0.49 1.00 0.00 0.00 0.00 0.00 0.00 0.00 0.00 0.00 0.00 0.00 0.00 0.00 0.00 0.00 0.00 0.00 0.00 0.00 0.00 0.00 0.00 0.00 0.00 0.00 0.00 0.00 0.00 0.00 0.00 0.00 0.00 0.00 0.00 0.00 0.00 0.00 0.00 0.00 0.00 0.00 0.00 0.00 0.00 0.00 0.00 0.00 0.00 0.00 0.00 0.00 0.00 0.00 0.00 0.00 0.00 0.00 0.00 0.00 0.00 0.00 0.00
0.33 0.30 0.23 0.31 0.33 0.37 0.29 0.30 0.34 0.44 0.53 0.31 0.45 0.60 0.58 0.58 0.57 0.46 0.53 1.00 0.00 0.00 0.00 0.00 0.00 0.00 0.00 0.00 0.00 0.00 0.00 0.00 0.00 0.00 0.00 0.00 0.00 0.00 0.00 0.00 0.00 0.00 0.00 0.00 0.00 0.00 0.00 0.00 0.00 0.00 0.00 0.00 0.00 0.00 0.00 0.00 0.00 0.00 0.00 0.00 0.00 0.00 0.00 0.00 0.00 0.00 0.00 0.00 0.00 0.00 0.00 0.00 0.00 0.00 0.00 0.00 0.00 0.00 0.00 0.00
0.36 0.34 0.16 0.19 0.37 0.32 0.19 0.25 0.33 0.20 0.24 0.24 0.39 0.19 0.24 0.22 0.22 0.21 0.24 0.25 1.00 0.00 0.00 0.00 0.00 0.00 0.00 0.00 0.00 0.00 0.00 0.00 0.00 0.00 0.00 0.00 0.00 0.00 0.00 0.00 0.00 0.00 0.00 0.00 0.00 0.00 0.00 0.00 0.00 0.00 0.00 0.00 0.00 0.00 0.00 0.00 0.00 0.00 0.00 0.00 0.00 0.00 0.00 0.00 0.00 0.00 0.00 0.00 0.00 0.00 0.00 0.00 0.00 0.00 0.00 0.00 0.00 0.00 0.00 0.00
0.30 0.27 0.16 0.19 0.31 0.28 0.18 0.22 0.29 0.19 0.28 0.25 0.31 0.16 0.21 0.22 0.22 0.19 0.23 0.23 0.49 1.00 0.00 0.00 0.00 0.00 0.00 0.00 0.00 0.00 0.00 0.00 0.00 0.00 0.00 0.00 0.00 0.00 0.00 0.00 0.00 0.00 0.00 0.00 0.00 0.00 0.00 0.00 0.00 0.00 0.00 0.00 0.00 0.00 0.00 0.00 0.00 0.00 0.00 0.00 0.00 0.00 0.00 0.00 0.00 0.00 0.00 0.00 0.00 0.00 0.00 0.00 0.00 0.00 0.00 0.00 0.00 0.00 0.00 0.00
0.23 0.27 0.19 0.19 0.25 0.25 0.22 0.19 0.25 0.17 0.25 0.23 0.27 0.17 0.22 0.22 0.22 0.21 0.25 0.24 0.43 0.61 1.00 0.00 0.00 0.00 0.00 0.00 0.00 0.00 0.00 0.00 0.00 0.00 0.00 0.00 0.00 0.00 0.00 0.00 0.00 0.00 0.00 0.00 0.00 0.00 0.00 0.00 0.00 0.00 0.00 0.00 0.00 0.00 0.00 0.00 0.00 0.00 0.00 0.00 0.00 0.00 0.00 0.00 0.00 0.00 0.00 0.00 0.00 0.00 0.00 0.00 0.00 0.00 0.00 0.00 0.00 0.00 0.00 0.00
0.33 0.31 0.17 0.20 0.30 0.32 0.19 0.25 0.29 0.21 0.28 0.26 0.35 0.18 0.24 0.24 0.25 0.23 0.26 0.25 0.45 0.60 0.61 1.00 0.00 0.00 0.00 0.00 0.00 0.00 0.00 0.00 0.00 0.00 0.00 0.00 0.00 0.00 0.00 0.00 0.00 0.00 0.00 0.00 0.00 0.00 0.00 0.00 0.00 0.00 0.00 0.00 0.00 0.00 0.00 0.00 0.00 0.00 0.00 0.00 0.00 0.00 0.00 0.00 0.00 0.00 0.00 0.00 0.00 0.00 0.00 0.00 0.00 0.00 0.00 0.00 0.00 0.00 0.00 0.00
0.23 0.20 0.13 0.13 0.32 0.25 0.19 0.17 0.22 0.12 0.17 0.15 0.24 0.12 0.14 0.16 0.14 0.13 0.17 0.15 0.36 0.40 0.37 0.52 1.00 0.00 0.00 0.00 0.00 0.00 0.00 0.00 0.00 0.00 0.00 0.00 0.00 0.00 0.00 0.00 0.00 0.00 0.00 0.00 0.00 0.00 0.00 0.00 0.00 0.00 0.00 0.00 0.00 0.00 0.00 0.00 0.00 0.00 0.00 0.00 0.00 0.00 0.00 0.00 0.00 0.00 0.00 0.00 0.00 0.00 0.00 0.00 0.00 0.00 0.00 0.00 0.00 0.00 0.00 0.00
0.32 0.33 0.20 0.25 0.32 0.32 0.24 0.23 0.33 0.21 0.29 0.29 0.35 0.22 0.27 0.29 0.24 0.25 0.28 0.29 0.48 0.64 0.66 0.61 0.39 1.00 0.00 0.00 0.00 0.00 0.00 0.00 0.00 0.00 0.00 0.00 0.00 0.00 0.00 0.00 0.00 0.00 0.00 0.00 0.00 0.00 0.00 0.00 0.00 0.00 0.00 0.00 0.00 0.00 0.00 0.00 0.00 0.00 0.00 0.00 0.00 0.00 0.00 0.00 0.00 0.00 0.00 0.00 0.00 0.00 0.00 0.00 0.00 0.00 0.00 0.00 0.00 0.00 0.00 0.00
0.38 0.35 0.22 0.22 0.36 0.37 0.23 0.28 0.34 0.22 0.31 0.27 0.41 0.22 0.25 0.25 0.26 0.22 0.30 0.26 0.51 0.60 0.53 0.51 0.40 0.61 1.00 0.00 0.00 0.00 0.00 0.00 0.00 0.00 0.00 0.00 0.00 0.00 0.00 0.00 0.00 0.00 0.00 0.00 0.00 0.00 0.00 0.00 0.00 0.00 0.00 0.00 0.00 0.00 0.00 0.00 0.00 0.00 0.00 0.00 0.00 0.00 0.00 0.00 0.00 0.00 0.00 0.00 0.00 0.00 0.00 0.00 0.00 0.00 0.00 0.00 0.00 0.00 0.00 0.00
0.31 0.32 0.18 0.26 0.31 0.28 0.26 0.26 0.33 0.20 0.29 0.30 0.35 0.21 0.24 0.24 0.24 0.22 0.28 0.25 0.48 0.60 0.49 0.54 0.36 0.57 0.54 1.00 0.00 0.00 0.00 0.00 0.00 0.00 0.00 0.00 0.00 0.00 0.00 0.00 0.00 0.00 0.00 0.00 0.00 0.00 0.00 0.00 0.00 0.00 0.00 0.00 0.00 0.00 0.00 0.00 0.00 0.00 0.00 0.00 0.00 0.00 0.00 0.00 0.00 0.00 0.00 0.00 0.00 0.00 0.00 0.00 0.00 0.00 0.00 0.00 0.00 0.00 0.00 0.00
0.31 0.29 0.18 0.19 0.31 0.30 0.21 0.27 0.31 0.20 0.30 0.29 0.36 0.22 0.24 0.24 0.25 0.22 0.33 0.25 0.47 0.55 0.47 0.51 0.44 0.53 0.55 0.54 1.00 0.00 0.00 0.00 0.00 0.00 0.00 0.00 0.00 0.00 0.00 0.00 0.00 0.00 0.00 0.00 0.00 0.00 0.00 0.00 0.00 0.00 0.00 0.00 0.00 0.00 0.00 0.00 0.00 0.00 0.00 0.00 0.00 0.00 0.00 0.00 0.00 0.00 0.00 0.00 0.00 0.00 0.00 0.00 0.00 0.00 0.00 0.00 0.00 0.00 0.00 0.00
0.34 0.35 0.21 0.23 0.36 0.37 0.24 0.29 0.34 0.23 0.32 0.33 0.38 0.23 0.29 0.30 0.27 0.28 0.29 0.30 0.57 0.59 0.55 0.63 0.45 0.54 0.54 0.57 0.53 1.00 0.00 0.00 0.00 0.00 0.00 0.00 0.00 0.00 0.00 0.00 0.00 0.00 0.00 0.00 0.00 0.00 0.00 0.00 0.00 0.00 0.00 0.00 0.00 0.00 0.00 0.00 0.00 0.00 0.00 0.00 0.00 0.00 0.00 0.00 0.00 0.00 0.00 0.00 0.00 0.00 0.00 0.00 0.00 0.00 0.00 0.00 0.00 0.00 0.00 0.00
0.52 0.36 0.21 0.20 0.46 0.43 0.21 0.41 0.46 0.28 0.34 0.27 0.56 0.25 0.28 0.24 0.28 0.29 0.36 0.29 0.30 0.27 0.21 0.28 0.19 0.26 0.35 0.25 0.28 0.30 1.00 0.00 0.00 0.00 0.00 0.00 0.00 0.00 0.00 0.00 0.00 0.00 0.00 0.00 0.00 0.00 0.00 0.00 0.00 0.00 0.00 0.00 0.00 0.00 0.00 0.00 0.00 0.00 0.00 0.00 0.00 0.00 0.00 0.00 0.00 0.00 0.00 0.00 0.00 0.00 0.00 0.00 0.00 0.00 0.00 0.00 0.00 0.00 0.00 0.00
0.64 0.44 0.17 0.18 0.54 0.58 0.24 0.43 0.50 0.23 0.32 0.29 0.64 0.22 0.24 0.24 0.22 0.25 0.32 0.28 0.34 0.32 0.25 0.35 0.25 0.31 0.38 0.31 0.34 0.37 0.62 1.00 0.00 0.00 0.00 0.00 0.00 0.00 0.00 0.00 0.00 0.00 0.00 0.00 0.00 0.00 0.00 0.00 0.00 0.00 0.00 0.00 0.00 0.00 0.00 0.00 0.00 0.00 0.00 0.00 0.00 0.00 0.00 0.00 0.00 0.00 0.00 0.00 0.00 0.00 0.00 0.00 0.00 0.00 0.00 0.00 0.00 0.00 0.00 0.00
0.54 0.44 0.19 0.18 0.47 0.50 0.20 0.43 0.47 0.26 0.32 0.27 0.55 0.27 0.26 0.25 0.28 0.32 0.35 0.33 0.34 0.34 0.27 0.35 0.23 0.33 0.39 0.30 0.31 0.37 0.73 0.65 1.00 0.00 0.00 0.00 0.00 0.00 0.00 0.00 0.00 0.00 0.00 0.00 0.00 0.00 0.00 0.00 0.00 0.00 0.00 0.00 0.00 0.00 0.00 0.00 0.00 0.00 0.00 0.00 0.00 0.00 0.00 0.00 0.00 0.00 0.00 0.00 0.00 0.00 0.00 0.00 0.00 0.00 0.00 0.00 0.00 0.00 0.00 0.00
0.43 0.38 0.21 0.21 0.43 0.45 0.21 0.34 0.44 0.23 0.29 0.26 0.49 0.28 0.27 0.24 0.27 0.28 0.32 0.31 0.35 0.34 0.28 0.33 0.25 0.35 0.39 0.35 0.34 0.40 0.51 0.54 0.55 1.00 0.00 0.00 0.00 0.00 0.00 0.00 0.00 0.00 0.00 0.00 0.00 0.00 0.00 0.00 0.00 0.00 0.00 0.00 0.00 0.00 0.00 0.00 0.00 0.00 0.00 0.00 0.00 0.00 0.00 0.00 0.00 0.00 0.00 0.00 0.00 0.00 0.00 0.00 0.00 0.00 0.00 0.00 0.00 0.00 0.00 0.00
0.55 0.39 0.24 0.18 0.51 0.44 0.21 0.39 0.45 0.30 0.34 0.26 0.55 0.26 0.25 0.24 0.27 0.30 0.35 0.32 0.29 0.28 0.23 0.28 0.19 0.28 0.36 0.26 0.28 0.31 0.74 0.57 0.75 0.48 1.00 0.00 0.00 0.00 0.00 0.00 0.00 0.00 0.00 0.00 0.00 0.00 0.00 0.00 0.00 0.00 0.00 0.00 0.00 0.00 0.00 0.00 0.00 0.00 0.00 0.00 0.00 0.00 0.00 0.00 0.00 0.00 0.00 0.00 0.00 0.00 0.00 0.00 0.00 0.00 0.00 0.00 0.00 0.00 0.00 0.00
0.49 0.41 0.24 0.21 0.46 0.47 0.24 0.45 0.45 0.27 0.35 0.35 0.53 0.32 0.28 0.27 0.32 0.30 0.35 0.34 0.34 0.32 0.25 0.30 0.25 0.33 0.39 0.33 0.37 0.38 0.58 0.59 0.59 0.58 0.53 1.00 0.00 0.00 0.00 0.00 0.00 0.00 0.00 0.00 0.00 0.00 0.00 0.00 0.00 0.00 0.00 0.00 0.00 0.00 0.00 0.00 0.00 0.00 0.00 0.00 0.00 0.00 0.00 0.00 0.00 0.00 0.00 0.00 0.00 0.00 0.00 0.00 0.00 0.00 0.00 0.00 0.00 0.00 0.00 0.00
0.55 0.43 0.19 0.17 0.50 0.52 0.21 0.47 0.46 0.23 0.33 0.26 0.55 0.27 0.25 0.25 0.26 0.29 0.32 0.30 0.32 0.28 0.23 0.30 0.21 0.29 0.36 0.27 0.30 0.33 0.71 0.67 0.76 0.51 0.70 0.63 1.00 0.00 0.00 0.00 0.00 0.00 0.00 0.00 0.00 0.00 0.00 0.00 0.00 0.00 0.00 0.00 0.00 0.00 0.00 0.00 0.00 0.00 0.00 0.00 0.00 0.00 0.00 0.00 0.00 0.00 0.00 0.00 0.00 0.00 0.00 0.00 0.00 0.00 0.00 0.00 0.00 0.00 0.00 0.00
0.50 0.45 0.23 0.21 0.50 0.50 0.24 0.40 0.45 0.32 0.39 0.32 0.56 0.24 0.28 0.29 0.28 0.32 0.34 0.33 0.32 0.32 0.28 0.33 0.22 0.33 0.41 0.32 0.32 0.38 0.56 0.62 0.62 0.53 0.54 0.52 0.56 1.00 0.00 0.00 0.00 0.00 0.00 0.00 0.00 0.00 0.00 0.00 0.00 0.00 0.00 0.00 0.00 0.00 0.00 0.00 0.00 0.00 0.00 0.00 0.00 0.00 0.00 0.00 0.00 0.00 0.00 0.00 0.00 0.00 0.00 0.00 0.00 0.00 0.00 0.00 0.00 0.00 0.00 0.00
0.54 0.43 0.26 0.22 0.57 0.50 0.26 0.39 0.51 0.35 0.38 0.29 0.56 0.29 0.29 0.28 0.29 0.32 0.34 0.35 0.33 0.30 0.24 0.29 0.22 0.31 0.38 0.29 0.31 0.37 0.67 0.59 0.64 0.55 0.70 0.55 0.64 0.56 1.00 0.00 0.00 0.00 0.00 0.00 0.00 0.00 0.00 0.00 0.00 0.00 0.00 0.00 0.00 0.00 0.00 0.00 0.00 0.00 0.00 0.00 0.00 0.00 0.00 0.00 0.00 0.00 0.00 0.00 0.00 0.00 0.00 0.00 0.00 0.00 0.00 0.00 0.00 0.00 0.00 0.00
0.39 0.44 0.26 0.21 0.41 0.36 0.20 0.35 0.39 0.25 0.29 0.26 0.50 0.26 0.26 0.22 0.29 0.27 0.32 0.27 0.29 0.27 0.23 0.29 0.18 0.29 0.33 0.28 0.30 0.32 0.44 0.45 0.53 0.43 0.45 0.45 0.47 0.48 0.44 1.00 0.00 0.00 0.00 0.00 0.00 0.00 0.00 0.00 0.00 0.00 0.00 0.00 0.00 0.00 0.00 0.00 0.00 0.00 0.00 0.00 0.00 0.00 0.00 0.00 0.00 0.00 0.00 0.00 0.00 0.00 0.00 0.00 0.00 0.00 0.00 0.00 0.00 0.00 0.00 0.00
0.17 0.24 0.19 0.20 0.17 0.19 0.17 0.16 0.20 0.15 0.22 0.21 0.21 0.17 0.21 0.22 0.21 0.19 0.22 0.20 0.22 0.22 0.38 0.33 0.13 0.35 0.26 0.25 0.24 0.31 0.16 0.17 0.18 0.25 0.15 0.19 0.15 0.19 0.18 0.27 1.00 0.00 0.00 0.00 0.00 0.00 0.00 0.00 0.00 0.00 0.00 0.00 0.00 0.00 0.00 0.00 0.00 0.00 0.00 0.00 0.00 0.00 0.00 0.00 0.00 0.00 0.00 0.00 0.00 0.00 0.00 0.00 0.00 0.00 0.00 0.00 0.00 0.00 0.00 0.00
0.43 0.30 0.13 0.13 0.36 0.33 0.15 0.31 0.34 0.23 0.23 0.18 0.48 0.18 0.18 0.16 0.18 0.18 0.26 0.19 0.27 0.23 0.17 0.24 0.17 0.24 0.32 0.20 0.24 0.24 0.41 0.45 0.43 0.53 0.40 0.35 0.42 0.37 0.39 0.34 0.19 1.00 0.00 0.00 0.00 0.00 0.00 0.00 0.00 0.00 0.00 0.00 0.00 0.00 0.00 0.00 0.00 0.00 0.00 0.00 0.00 0.00 0.00 0.00 0.00 0.00 0.00 0.00 0.00 0.00 0.00 0.00 0.00 0.00 0.00 0.00 0.00 0.00 0.00 0.00
0.30 0.28 0.14 0.14 0.34 0.32 0.17 0.20 0.25 0.19 0.18 0.17 0.32 0.17 0.17 0.20 0.18 0.18 0.18 0.22 0.39 0.29 0.25 0.29 0.26 0.30 0.35 0.29 0.23 0.36 0.24 0.32 0.28 0.29 0.26 0.27 0.26 0.32 0.30 0.24 0.14 0.19 1.00 0.00 0.00 0.00 0.00 0.00 0.00 0.00 0.00 0.00 0.00 0.00 0.00 0.00 0.00 0.00 0.00 0.00 0.00 0.00 0.00 0.00 0.00 0.00 0.00 0.00 0.00 0.00 0.00 0.00 0.00 0.00 0.00 0.00 0.00 0.00 0.00 0.00
0.47 0.37 0.18 0.18 0.43 0.46 0.17 0.29 0.40 0.22 0.23 0.21 0.52 0.19 0.25 0.19 0.22 0.25 0.25 0.25 0.37 0.29 0.24 0.31 0.20 0.31 0.36 0.29 0.26 0.33 0.43 0.49 0.52 0.45 0.47 0.39 0.48 0.44 0.49 0.39 0.15 0.37 0.49 1.00 0.00 0.00 0.00 0.00 0.00 0.00 0.00 0.00 0.00 0.00 0.00 0.00 0.00 0.00 0.00 0.00 0.00 0.00 0.00 0.00 0.00 0.00 0.00 0.00 0.00 0.00 0.00 0.00 0.00 0.00 0.00 0.00 0.00 0.00 0.00 0.00
0.54 0.35 0.18 0.18 0.44 0.51 0.23 0.40 0.44 0.24 0.33 0.30 0.50 0.21 0.25 0.27 0.22 0.27 0.32 0.29 0.30 0.31 0.23 0.32 0.23 0.26 0.34 0.28 0.33 0.38 0.44 0.59 0.50 0.46 0.41 0.43 0.50 0.50 0.47 0.35 0.19 0.41 0.22 0.37 1.00 0.00 0.00 0.00 0.00 0.00 0.00 0.00 0.00 0.00 0.00 0.00 0.00 0.00 0.00 0.00 0.00 0.00 0.00 0.00 0.00 0.00 0.00 0.00 0.00 0.00 0.00 0.00 0.00 0.00 0.00 0.00 0.00 0.00 0.00 0.00
0.43 0.33 0.18 0.22 0.36 0.39 0.25 0.31 0.38 0.20 0.30 0.28 0.44 0.22 0.25 0.24 0.25 0.25 0.30 0.28 0.34 0.42 0.36 0.48 0.36 0.40 0.44 0.41 0.42 0.54 0.32 0.47 0.38 0.46 0.32 0.39 0.38 0.39 0.40 0.32 0.24 0.37 0.25 0.33 0.42 1.00 0.00 0.00 0.00 0.00 0.00 0.00 0.00 0.00 0.00 0.00 0.00 0.00 0.00 0.00 0.00 0.00 0.00 0.00 0.00 0.00 0.00 0.00 0.00 0.00 0.00 0.00 0.00 0.00 0.00 0.00 0.00 0.00 0.00 0.00
0.48 0.42 0.20 0.19 0.49 0.45 0.20 0.36 0.44 0.25 0.33 0.28 0.54 0.22 0.23 0.23 0.26 0.26 0.29 0.29 0.37 0.35 0.26 0.35 0.25 0.32 0.39 0.33 0.33 0.39 0.45 0.55 0.51 0.48 0.50 0.44 0.49 0.53 0.53 0.42 0.18 0.40 0.27 0.45 0.49 0.40 1.00 0.00 0.00 0.00 0.00 0.00 0.00 0.00 0.00 0.00 0.00 0.00 0.00 0.00 0.00 0.00 0.00 0.00 0.00 0.00 0.00 0.00 0.00 0.00 0.00 0.00 0.00 0.00 0.00 0.00 0.00 0.00 0.00 0.00
0.38 0.33 0.13 0.15 0.35 0.33 0.16 0.25 0.33 0.19 0.26 0.26 0.42 0.15 0.18 0.18 0.19 0.20 0.24 0.22 0.35 0.37 0.33 0.36 0.22 0.36 0.41 0.34 0.32 0.39 0.34 0.41 0.39 0.47 0.35 0.34 0.36 0.35 0.35 0.32 0.19 0.51 0.26 0.36 0.36 0.44 0.40 1.00 0.00 0.00 0.00 0.00 0.00 0.00 0.00 0.00 0.00 0.00 0.00 0.00 0.00 0.00 0.00 0.00 0.00 0.00 0.00 0.00 0.00 0.00 0.00 0.00 0.00 0.00 0.00 0.00 0.00 0.00 0.00 0.00
0.34 0.33 0.20 0.19 0.35 0.39 0.21 0.30 0.41 0.24 0.28 0.23 0.39 0.27 0.24 0.24 0.25 0.24 0.31 0.30 0.31 0.27 0.27 0.31 0.23 0.31 0.35 0.32 0.31 0.37 0.34 0.41 0.40 0.53 0.35 0.39 0.37 0.37 0.39 0.34 0.25 0.43 0.31 0.33 0.41 0.42 0.36 0.40 1.00 0.00 0.00 0.00 0.00 0.00 0.00 0.00 0.00 0.00 0.00 0.00 0.00 0.00 0.00 0.00 0.00 0.00 0.00 0.00 0.00 0.00 0.00 0.00 0.00 0.00 0.00 0.00 0.00 0.00 0.00 0.00
0.24 0.28 0.22 0.23 0.25 0.27 0.21 0.24 0.29 0.23 0.28 0.26 0.31 0.22 0.26 0.24 0.27 0.22 0.30 0.27 0.24 0.25 0.26 0.27 0.16 0.30 0.31 0.30 0.30 0.31 0.26 0.26 0.25 0.38 0.24 0.28 0.24 0.28 0.29 0.33 0.38 0.30 0.18 0.21 0.28 0.33 0.26 0.26 0.40 1.00 0.00 0.00 0.00 0.00 0.00 0.00 0.00 0.00 0.00 0.00 0.00 0.00 0.00 0.00 0.00 0.00 0.00 0.00 0.00 0.00 0.00 0.00 0.00 0.00 0.00 0.00 0.00 0.00 0.00 0.00
0.37 0.33 0.18 0.18 0.35 0.39 0.20 0.30 0.34 0.21 0.29 0.25 0.41 0.25 0.23 0.24 0.25 0.23 0.30 0.27 0.42 0.41 0.40 0.58 0.45 0.44 0.47 0.47 0.45 0.57 0.37 0.44 0.43 0.45 0.36 0.45 0.40 0.40 0.39 0.34 0.22 0.26 0.35 0.34 0.35 0.60 0.41 0.35 0.44 0.26 1.00 0.00 0.00 0.00 0.00 0.00 0.00 0.00 0.00 0.00 0.00 0.00 0.00 0.00 0.00 0.00 0.00 0.00 0.00 0.00 0.00 0.00 0.00 0.00 0.00 0.00 0.00 0.00 0.00 0.00
0.35 0.35 0.17 0.20 0.32 0.34 0.19 0.33 0.31 0.21 0.27 0.26 0.39 0.22 0.25 0.25 0.26 0.24 0.30 0.24 0.37 0.40 0.37 0.51 0.34 0.40 0.46 0.45 0.41 0.51 0.32 0.40 0.41 0.40 0.33 0.42 0.37 0.39 0.34 0.34 0.26 0.31 0.32 0.34 0.35 0.53 0.38 0.37 0.36 0.28 0.68 1.00 0.00 0.00 0.00 0.00 0.00 0.00 0.00 0.00 0.00 0.00 0.00 0.00 0.00 0.00 0.00 0.00 0.00 0.00 0.00 0.00 0.00 0.00 0.00 0.00 0.00 0.00 0.00 0.00
0.26 0.26 0.21 0.13 0.28 0.23 0.16 0.26 0.37 0.14 0.20 0.25 0.27 0.20 0.17 0.16 0.20 0.18 0.21 0.19 0.21 0.26 0.18 0.19 0.16 0.22 0.25 0.21 0.25 0.27 0.32 0.29 0.33 0.32 0.27 0.40 0.30 0.34 0.31 0.25 0.15 0.17 0.16 0.19 0.30 0.20 0.28 0.20 0.28 0.16 0.29 0.29 1.00 0.00 0.00 0.00 0.00 0.00 0.00 0.00 0.00 0.00 0.00 0.00 0.00 0.00 0.00 0.00 0.00 0.00 0.00 0.00 0.00 0.00 0.00 0.00 0.00 0.00 0.00 0.00
0.38 0.34 0.18 0.19 0.35 0.37 0.18 0.37 0.37 0.22 0.29 0.28 0.45 0.28 0.24 0.24 0.29 0.26 0.32 0.27 0.35 0.36 0.31 0.46 0.33 0.37 0.42 0.40 0.44 0.49 0.40 0.45 0.49 0.46 0.41 0.53 0.44 0.42 0.42 0.40 0.21 0.33 0.28 0.35 0.39 0.51 0.43 0.36 0.41 0.26 0.71 0.74 0.34 1.00 0.00 0.00 0.00 0.00 0.00 0.00 0.00 0.00 0.00 0.00 0.00 0.00 0.00 0.00 0.00 0.00 0.00 0.00 0.00 0.00 0.00 0.00 0.00 0.00 0.00 0.00
0.44 0.30 0.17 0.18 0.36 0.43 0.19 0.39 0.37 0.24 0.31 0.28 0.44 0.26 0.26 0.25 0.28 0.25 0.36 0.29 0.36 0.33 0.27 0.43 0.31 0.34 0.39 0.35 0.41 0.44 0.41 0.48 0.44 0.43 0.38 0.45 0.43 0.39 0.42 0.34 0.19 0.32 0.23 0.32 0.47 0.49 0.40 0.34 0.37 0.26 0.59 0.54 0.30 0.65 1.00 0.00 0.00 0.00 0.00 0.00 0.00 0.00 0.00 0.00 0.00 0.00 0.00 0.00 0.00 0.00 0.00 0.00 0.00 0.00 0.00 0.00 0.00 0.00 0.00 0.00
0.34 0.29 0.15 0.15 0.32 0.34 0.16 0.29 0.31 0.17 0.25 0.25 0.39 0.24 0.20 0.20 0.25 0.22 0.28 0.23 0.31 0.27 0.34 0.49 0.32 0.32 0.32 0.36 0.35 0.45 0.30 0.42 0.40 0.35 0.32 0.41 0.40 0.37 0.32 0.30 0.23 0.23 0.27 0.27 0.33 0.51 0.38 0.27 0.35 0.23 0.74 0.59 0.28 0.65 0.53 1.00 0.00 0.00 0.00 0.00 0.00 0.00 0.00 0.00 0.00 0.00 0.00 0.00 0.00 0.00 0.00 0.00 0.00 0.00 0.00 0.00 0.00 0.00 0.00 0.00
0.27 0.24 0.15 0.19 0.26 0.25 0.18 0.24 0.26 0.19 0.27 0.23 0.30 0.22 0.23 0.22 0.24 0.24 0.33 0.25 0.36 0.42 0.37 0.35 0.33 0.41 0.43 0.41 0.40 0.42 0.27 0.30 0.33 0.30 0.30 0.34 0.27 0.31 0.27 0.26 0.19 0.18 0.25 0.24 0.24 0.49 0.27 0.27 0.30 0.23 0.42 0.46 0.20 0.45 0.37 0.33 1.00 0.00 0.00 0.00 0.00 0.00 0.00 0.00 0.00 0.00 0.00 0.00 0.00 0.00 0.00 0.00 0.00 0.00 0.00 0.00 0.00 0.00 0.00 0.00
0.24 0.20 0.13 0.17 0.22 0.20 0.16 0.22 0.23 0.14 0.19 0.21 0.24 0.18 0.18 0.17 0.22 0.20 0.22 0.18 0.26 0.37 0.28 0.29 0.29 0.30 0.35 0.32 0.34 0.38 0.23 0.26 0.26 0.32 0.23 0.33 0.24 0.23 0.25 0.22 0.16 0.15 0.17 0.19 0.21 0.55 0.21 0.25 0.25 0.21 0.40 0.42 0.17 0.42 0.36 0.33 0.67 1.00 0.00 0.00 0.00 0.00 0.00 0.00 0.00 0.00 0.00 0.00 0.00 0.00 0.00 0.00 0.00 0.00 0.00 0.00 0.00 0.00 0.00 0.00
0.27 0.32 0.20 0.23 0.28 0.31 0.23 0.30 0.30 0.21 0.27 0.24 0.32 0.25 0.27 0.24 0.26 0.28 0.26 0.31 0.31 0.27 0.29 0.30 0.20 0.32 0.31 0.29 0.27 0.30 0.36 0.28 0.37 0.37 0.31 0.41 0.34 0.35 0.36 0.30 0.22 0.17 0.20 0.29 0.25 0.27 0.29 0.24 0.29 0.26 0.37 0.33 0.24 0.39 0.33 0.30 0.28 0.27 1.00 0.00 0.00 0.00 0.00 0.00 0.00 0.00 0.00 0.00 0.00 0.00 0.00 0.00 0.00 0.00 0.00 0.00 0.00 0.00 0.00 0.00
0.35 0.33 0.17 0.17 0.35 0.39 0.23 0.27 0.33 0.18 0.26 0.22 0.34 0.22 0.21 0.22 0.22 0.20 0.23 0.27 0.32 0.33 0.29 0.37 0.27 0.35 0.39 0.32 0.34 0.46 0.29 0.42 0.37 0.38 0.31 0.42 0.37 0.39 0.37 0.30 0.16 0.23 0.30 0.32 0.34 0.45 0.37 0.28 0.33 0.23 0.54 0.49 0.27 0.52 0.41 0.44 0.33 0.30 0.30 1.00 0.00 0.00 0.00 0.00 0.00 0.00 0.00 0.00 0.00 0.00 0.00 0.00 0.00 0.00 0.00 0.00 0.00 0.00 0.00 0.00
0.29 0.36 0.19 0.22 0.28 0.30 0.23 0.34 0.25 0.23 0.29 0.28 0.28 0.34 0.26 0.32 0.30 0.26 0.27 0.37 0.19 0.17 0.17 0.20 0.12 0.21 0.22 0.17 0.18 0.24 0.20 0.23 0.20 0.21 0.20 0.24 0.21 0.23 0.25 0.19 0.15 0.14 0.19 0.20 0.25 0.22 0.21 0.15 0.20 0.19 0.19 0.17 0.12 0.19 0.20 0.15 0.16 0.14 0.20 0.16 1.00 0.00 0.00 0.00 0.00 0.00 0.00 0.00 0.00 0.00 0.00 0.00 0.00 0.00 0.00 0.00 0.00 0.00 0.00 0.00
0.40 0.58 0.22 0.21 0.42 0.40 0.28 0.28 0.38 0.24 0.30 0.29 0.42 0.23 0.26 0.27 0.27 0.28 0.28 0.31 0.32 0.29 0.26 0.32 0.23 0.32 0.34 0.34 0.29 0.35 0.35 0.43 0.42 0.36 0.36 0.39 0.38 0.45 0.39 0.38 0.21 0.27 0.30 0.34 0.36 0.32 0.40 0.31 0.34 0.28 0.36 0.32 0.23 0.35 0.31 0.31 0.28 0.22 0.30 0.30 0.36 1.00 0.00 0.00 0.00 0.00 0.00 0.00 0.00 0.00 0.00 0.00 0.00 0.00 0.00 0.00 0.00 0.00 0.00 0.00
0.49 0.49 0.27 0.28 0.49 0.50 0.34 0.37 0.49 0.32 0.40 0.42 0.48 0.29 0.34 0.37 0.33 0.34 0.36 0.41 0.35 0.32 0.29 0.34 0.25 0.35 0.40 0.37 0.38 0.43 0.38 0.48 0.42 0.39 0.37 0.44 0.41 0.44 0.44 0.38 0.26 0.29 0.29 0.35 0.46 0.41 0.40 0.32 0.39 0.33 0.35 0.35 0.22 0.42 0.41 0.31 0.30 0.26 0.31 0.36 0.39 0.48 1.00 0.00 0.00 0.00 0.00 0.00 0.00 0.00 0.00 0.00 0.00 0.00 0.00 0.00 0.00 0.00 0.00 0.00
0.34 0.56 0.18 0.17 0.31 0.34 0.20 0.22 0.30 0.22 0.32 0.45 0.34 0.16 0.20 0.27 0.20 0.25 0.24 0.25 0.22 0.20 0.18 0.21 0.14 0.24 0.26 0.23 0.21 0.25 0.27 0.32 0.33 0.27 0.29 0.30 0.29 0.39 0.29 0.29 0.13 0.22 0.24 0.28 0.27 0.23 0.32 0.25 0.25 0.20 0.23 0.23 0.15 0.24 0.22 0.21 0.20 0.15 0.21 0.22 0.44 0.62 0.45 1.00 0.00 0.00 0.00 0.00 0.00 0.00 0.00 0.00 0.00 0.00 0.00 0.00 0.00 0.00 0.00 0.00
0.52 0.56 0.19 0.21 0.50 0.46 0.22 0.35 0.48 0.30 0.41 0.43 0.54 0.21 0.26 0.32 0.26 0.31 0.30 0.31 0.31 0.29 0.25 0.33 0.20 0.33 0.34 0.31 0.31 0.34 0.40 0.50 0.46 0.37 0.42 0.41 0.45 0.48 0.45 0.41 0.26 0.32 0.25 0.38 0.43 0.35 0.45 0.34 0.32 0.27 0.33 0.33 0.21 0.36 0.34 0.31 0.27 0.22 0.26 0.30 0.26 0.39 0.47 0.36 1.00 0.00 0.00 0.00 0.00 0.00 0.00 0.00 0.00 0.00 0.00 0.00 0.00 0.00 0.00 0.00
0.46 0.59 0.21 0.24 0.43 0.40 0.29 0.31 0.42 0.26 0.38 0.41 0.47 0.17 0.25 0.31 0.22 0.30 0.31 0.29 0.29 0.26 0.22 0.27 0.17 0.28 0.31 0.28 0.27 0.30 0.38 0.45 0.45 0.34 0.40 0.36 0.41 0.49 0.39 0.38 0.17 0.31 0.27 0.39 0.41 0.30 0.42 0.33 0.30 0.24 0.30 0.30 0.19 0.32 0.29 0.27 0.27 0.18 0.27 0.28 0.40 0.62 0.49 0.71 0.50 1.00 0.00 0.00 0.00 0.00 0.00 0.00 0.00 0.00 0.00 0.00 0.00 0.00 0.00 0.00
0.53 0.42 0.24 0.24 0.44 0.42 0.26 0.31 0.44 0.32 0.34 0.29 0.49 0.31 0.30 0.29 0.34 0.29 0.36 0.36 0.35 0.29 0.25 0.29 0.23 0.31 0.34 0.31 0.31 0.33 0.37 0.42 0.38 0.36 0.35 0.38 0.36 0.38 0.40 0.32 0.22 0.33 0.23 0.34 0.40 0.31 0.38 0.30 0.33 0.26 0.33 0.32 0.19 0.34 0.33 0.27 0.26 0.20 0.26 0.29 0.25 0.34 0.42 0.26 0.42 0.33 1.00 0.00 0.00 0.00 0.00 0.00 0.00 0.00 0.00 0.00 0.00 0.00 0.00 0.00
0.48 0.64 0.27 0.23 0.43 0.48 0.31 0.37 0.43 0.24 0.36 0.32 0.43 0.23 0.29 0.31 0.26 0.30 0.32 0.34 0.28 0.24 0.28 0.31 0.20 0.28 0.33 0.28 0.31 0.36 0.36 0.52 0.47 0.36 0.38 0.42 0.47 0.47 0.40 0.41 0.21 0.26 0.27 0.33 0.43 0.35 0.37 0.26 0.31 0.27 0.32 0.31 0.24 0.33 0.33 0.33 0.24 0.22 0.28 0.34 0.37 0.66 0.52 0.57 0.42 0.59 0.34 1.00 0.00 0.00 0.00 0.00 0.00 0.00 0.00 0.00 0.00 0.00 0.00 0.00
0.54 0.54 0.24 0.27 0.50 0.57 0.29 0.34 0.47 0.30 0.47 0.51 0.49 0.22 0.27 0.40 0.25 0.32 0.31 0.38 0.34 0.31 0.26 0.34 0.22 0.34 0.38 0.32 0.30 0.38 0.38 0.51 0.45 0.39 0.41 0.42 0.43 0.50 0.44 0.35 0.19 0.32 0.36 0.44 0.43 0.35 0.43 0.35 0.36 0.26 0.35 0.33 0.20 0.33 0.34 0.30 0.26 0.20 0.27 0.36 0.41 0.53 0.51 0.62 0.47 0.62 0.42 0.57 1.00 0.00 0.00 0.00 0.00 0.00 0.00 0.00 0.00 0.00 0.00 0.00
0.45 0.49 0.24 0.24 0.42 0.45 0.30 0.30 0.43 0.25 0.36 0.50 0.45 0.21 0.27 0.30 0.24 0.32 0.28 0.32 0.30 0.24 0.25 0.27 0.19 0.31 0.29 0.30 0.28 0.35 0.34 0.45 0.39 0.35 0.35 0.39 0.38 0.43 0.39 0.35 0.22 0.27 0.40 0.42 0.38 0.31 0.40 0.29 0.31 0.25 0.30 0.30 0.18 0.31 0.31 0.30 0.22 0.18 0.26 0.29 0.40 0.53 0.50 0.65 0.47 0.59 0.33 0.51 0.58 1.00 0.00 0.00 0.00 0.00 0.00 0.00 0.00 0.00 0.00 0.00
0.29 0.30 0.14 0.15 0.29 0.27 0.16 0.21 0.27 0.19 0.30 0.26 0.32 0.14 0.18 0.21 0.18 0.19 0.24 0.21 0.29 0.29 0.25 0.28 0.17 0.30 0.31 0.26 0.30 0.30 0.27 0.30 0.32 0.30 0.28 0.25 0.27 0.35 0.27 0.28 0.20 0.27 0.24 0.29 0.29 0.29 0.36 0.30 0.28 0.24 0.28 0.27 0.15 0.27 0.25 0.23 0.25 0.20 0.23 0.24 0.17 0.30 0.31 0.28 0.31 0.35 0.27 0.27 0.35 0.29 1.00 0.00 0.00 0.00 0.00 0.00 0.00 0.00 0.00 0.00
0.35 0.31 0.21 0.21 0.34 0.38 0.23 0.35 0.32 0.23 0.35 0.36 0.34 0.29 0.29 0.40 0.34 0.34 0.30 0.36 0.26 0.21 0.21 0.24 0.15 0.27 0.26 0.24 0.24 0.30 0.30 0.31 0.34 0.28 0.32 0.38 0.37 0.35 0.33 0.27 0.17 0.15 0.24 0.23 0.29 0.26 0.27 0.18 0.24 0.22 0.28 0.26 0.22 0.35 0.30 0.28 0.25 0.24 0.31 0.31 0.30 0.29 0.36 0.27 0.37 0.32 0.26 0.34 0.38 0.33 0.20 1.00 0.00 0.00 0.00 0.00 0.00 0.00 0.00 0.00
0.35 0.33 0.24 0.24 0.40 0.40 0.26 0.29 0.38 0.31 0.63 0.33 0.42 0.36 0.55 0.61 0.42 0.48 0.49 0.54 0.26 0.24 0.21 0.25 0.18 0.28 0.28 0.25 0.24 0.30 0.30 0.34 0.33 0.30 0.32 0.32 0.30 0.35 0.35 0.30 0.17 0.23 0.28 0.31 0.32 0.29 0.33 0.25 0.29 0.25 0.28 0.27 0.18 0.28 0.29 0.25 0.25 0.20 0.26 0.25 0.36 0.34 0.40 0.33 0.37 0.38 0.34 0.33 0.40 0.42 0.25 0.31 1.00 0.00 0.00 0.00 0.00 0.00 0.00 0.00
0.43 0.41 0.21 0.23 0.44 0.39 0.23 0.32 0.39 0.60 0.50 0.30 0.59 0.34 0.40 0.40 0.40 0.36 0.40 0.53 0.30 0.26 0.22 0.28 0.18 0.28 0.33 0.27 0.28 0.30 0.42 0.38 0.40 0.35 0.48 0.37 0.39 0.41 0.47 0.34 0.20 0.31 0.25 0.32 0.34 0.30 0.37 0.28 0.34 0.29 0.30 0.27 0.20 0.31 0.33 0.23 0.25 0.18 0.27 0.27 0.27 0.33 0.42 0.28 0.43 0.35 0.39 0.35 0.39 0.32 0.26 0.30 0.45 1.00 0.00 0.00 0.00 0.00 0.00 0.00
0.19 0.12 0.06 0.07 0.16 0.14 0.07 0.18 0.13 0.10 0.20 0.13 0.19 0.12 0.13 0.10 0.16 0.12 0.22 0.15 0.08 0.08 0.07 0.08 0.06 0.09 0.12 0.09 0.14 0.09 0.23 0.16 0.20 0.17 0.19 0.16 0.17 0.17 0.20 0.19 0.07 0.20 0.07 0.11 0.18 0.11 0.13 0.09 0.12 0.11 0.12 0.10 0.17 0.13 0.15 0.11 0.08 0.07 0.08 0.08 0.08 0.13 0.17 0.09 0.14 0.12 0.13 0.14 0.14 0.12 0.12 0.11 0.10 0.16 1.00 0.00 0.00 0.00 0.00 0.00
0.43 0.36 0.25 0.30 0.42 0.42 0.28 0.34 0.41 0.43 0.51 0.31 0.54 0.53 0.61 0.52 0.60 0.62 0.55 0.60 0.31 0.27 0.26 0.29 0.19 0.31 0.29 0.28 0.30 0.33 0.38 0.37 0.37 0.34 0.36 0.37 0.35 0.39 0.39 0.33 0.24 0.26 0.21 0.31 0.38 0.32 0.35 0.26 0.32 0.30 0.29 0.29 0.19 0.32 0.34 0.25 0.31 0.23 0.31 0.25 0.32 0.32 0.44 0.26 0.42 0.34 0.45 0.33 0.37 0.35 0.25 0.38 0.54 0.50 0.17 1.00 0.00 0.00 0.00 0.00
0.25 0.26 0.18 0.31 0.22 0.23 0.24 0.22 0.21 0.33 0.30 0.21 0.39 0.49 0.45 0.42 0.50 0.36 0.35 0.46 0.18 0.15 0.22 0.20 0.11 0.25 0.21 0.19 0.18 0.23 0.21 0.18 0.20 0.21 0.19 0.23 0.22 0.21 0.23 0.21 0.17 0.15 0.15 0.18 0.23 0.21 0.17 0.15 0.22 0.22 0.19 0.19 0.15 0.21 0.20 0.16 0.16 0.14 0.24 0.18 0.24 0.27 0.29 0.17 0.21 0.21 0.26 0.24 0.22 0.24 0.15 0.29 0.27 0.29 0.09 0.47 1.00 0.00 0.00 0.00
0.35 0.30 0.20 0.27 0.34 0.35 0.24 0.30 0.30 0.41 0.47 0.33 0.41 0.39 0.41 0.50 0.39 0.37 0.39 0.54 0.31 0.23 0.25 0.28 0.17 0.29 0.29 0.24 0.33 0.29 0.30 0.30 0.29 0.28 0.31 0.29 0.29 0.30 0.34 0.23 0.20 0.21 0.22 0.23 0.31 0.29 0.30 0.21 0.28 0.26 0.28 0.25 0.17 0.26 0.31 0.22 0.20 0.15 0.27 0.25 0.33 0.29 0.40 0.25 0.30 0.29 0.32 0.31 0.38 0.30 0.23 0.39 0.43 0.55 0.13 0.49 0.41 1.00 0.00 0.00
0.33 0.31 0.21 0.22 0.39 0.31 0.23 0.28 0.34 0.33 0.64 0.31 0.46 0.42 0.52 0.54 0.44 0.36 0.46 0.51 0.30 0.27 0.27 0.27 0.17 0.31 0.34 0.30 0.34 0.34 0.34 0.29 0.34 0.30 0.40 0.29 0.31 0.37 0.36 0.31 0.26 0.25 0.26 0.29 0.31 0.29 0.36 0.29 0.30 0.27 0.30 0.28 0.19 0.28 0.28 0.24 0.30 0.19 0.28 0.24 0.26 0.34 0.38 0.30 0.37 0.41 0.34 0.30 0.37 0.33 0.33 0.31 0.59 0.55 0.14 0.51 0.33 0.53 1.00 0.00
0.46 0.40 0.21 0.26 0.48 0.43 0.26 0.36 0.42 0.30 0.46 0.33 0.49 0.27 0.36 0.39 0.36 0.41 0.38 0.39 0.32 0.28 0.32 0.30 0.21 0.32 0.32 0.26 0.32 0.35 0.37 0.43 0.39 0.33 0.38 0.40 0.39 0.45 0.39 0.32 0.24 0.29 0.25 0.35 0.41 0.32 0.41 0.30 0.29 0.25 0.32 0.35 0.19 0.39 0.37 0.30 0.31 0.23 0.29 0.33 0.29 0.36 0.44 0.34 0.52 0.48 0.39 0.38 0.42 0.43 0.31 0.47 0.48 0.42 0.14 0.53 0.27 0.37 0.50 1.00
