0.01 0.00 0.00 0.00 0.00 0.00 0.00 0.00 0.00 0.00 0.00 0.00 0.00 0.00 0.00 0.00 0.00 0.00 0.00 0.00 0.00 0.00 0.00 0.00 0.00 0.00 0.00 0.00 0.00 0.00 0.00 0.00 0.00 0.00 0.00 0.00 0.00 0.00 0.00 0.00 0.00 0.00 0.00 0.00 0.00 0.00 0.00 0.00 0.00 0.00 0.00 0.00 0.00 0.00 0.00 0.00 0.00 0.00 0.00 0.00 0.00 0.00 0.00 0.00 0.00 0.00 0.00 0.00 0.00 0.00 0.00 0.00 0.00 0.00 0.00 0.00 0.00 0.00 0.00 0.00
0.53 0.01 0.00 0.00 0.00 0.00 0.00 0.00 0.00 0.00 0.00 0.00 0.00 0.00 0.00 0.00 0.00 0.00 0.00 0.00 0.00 0.00 0.00 0.00 0.00 0.00 0.00 0.00 0.00 0.00 0.00 0.00 0.00 0.00 0.00 0.00 0.00 0.00 0.00 0.00 0.00 0.00 0.00 0.00 0.00 0.00 0.00 0.00 0.00 0.00 0.00 0.00 0.00 0.00 0.00 0.00 0.00 0.00 0.00 0.00 0.00 0.00 0.00 0.00 0.00 0.00 0.00 0.00 0.00 0.00 0.00 0.00 0.00 0.00 0.00 0.00 0.00 0.00 0.00 0.00
0.54 0.59 0.01 0.00 0.00 0.00 0.00 0.00 0.00 0.00 0.00 0.00 0.00 0.00 0.00 0.00 0.00 0.00 0.00 0.00 0.00 0.00 0.00 0.00 0.00 0.00 0.00 0.00 0.00 0.00 0.00 0.00 0.00 0.00 0.00 0.00 0.00 0.00 0.00 0.00 0.00 0.00 0.00 0.00 0.00 0.00 0.00 0.00 0.00 0.00 0.00 0.00 0.00 0.00 0.00 0.00 0.00 0.00 0.00 0.00 0.00 0.00 0.00 0.00 0.00 0.00 0.00 0.00 0.00 0.00 0.00 0.00 0.00 0.00 0.00 0.00 0.00 0.00 0.00 0.00
0.65 0.65 0.56 0.01 0.00 0.00 0.00 0.00 0.00 0.00 0.00 0.00 0.00 0.00 0.00 0.00 0.00 0.00 0.00 0.00 0.00 0.00 0.00 0.00 0.00 0.00 0.00 0.00 0.00 0.00 0.00 0.00 0.00 0.00 0.00 0.00 0.00 0.00 0.00 0.00 0.00 0.00 0.00 0.00 0.00 0.00 0.00 0.00 0.00 0.00 0.00 0.00 0.00 0.00 0.00 0.00 0.00 0.00 0.00 0.00 0.00 0.00 0.00 0.00 0.00 0.00 0.00 0.00 0.00 0.00 0.00 0.00 0.00 0.00 0.00 0.00 0.00 0.00 0.00 0.00
0.52 0.46 0.61 0.72 0.01 0.00 0.00 0.00 0.00 0.00 0.00 0.00 0.00 0.00 0.00 0.00 0.00 0.00 0.00 0.00 0.00 0.00 0.00 0.00 0.00 0.00 0.00 0.00 0.00 0.00 0.00 0.00 0.00 0.00 0.00 0.00 0.00 0.00 0.00 0.00 0.00 0.00 0.00 0.00 0.00 0.00 0.00 0.00 0.00 0.00 0.00 0.00 0.00 0.00 0.00 0.00 0.00 0.00 0.00 0.00 0.00 0.00 0.00 0.00 0.00 0.00 0.00 0.00 0.00 0.00 0.00 0.00 0.00 0.00 0.00 0.00 0.00 0.00 0.00 0.00
0.70 0.73 0.81 0.81 0.64 0.01 0.00 0.00 0.00 0.00 0.00 0.00 0.00 0.00 0.00 0.00 0.00 0.00 0.00 0.00 0.00 0.00 0.00 0.00 0.00 0.00 0.00 0.00 0.00 0.00 0.00 0.00 0.00 0.00 0.00 0.00 0.00 0.00 0.00 0.00 0.00 0.00 0.00 0.00 0.00 0.00 0.00 0.00 0.00 0.00 0.00 0.00 0.00 0.00 0.00 0.00 0.00 0.00 0.00 0.00 0.00 0.00 0.00 0.00 0.00 0.00 0.00 0.00 0.00 0.00 0.00 0.00 0.00 0.00 0.00 0.00 0.00 0.00 0.00 0.00
0.49 0.66 0.60 0.61 0.59 0.69 0.01 0.00 0.00 0.00 0.00 0.00 0.00 0.00 0.00 0.00 0.00 0.00 0.00 0.00 0.00 0.00 0.00 0.00 0.00 0.00 0.00 0.00 0.00 0.00 0.00 0.00 0.00 0.00 0.00 0.00 0.00 0.00 0.00 0.00 0.00 0.00 0.00 0.00 0.00 0.00 0.00 0.00 0.00 0.00 0.00 0.00 0.00 0.00 0.00 0.00 0.00 0.00 0.00 0.00 0.00 0.00 0.00 0.00 0.00 0.00 0.00 0.00 0.00 0.00 0.00 0.00 0.00 0.00 0.00 0.00 0.00 0.00 0.00 0.00
0.63 0.66 0.82 0.81 0.69 0.74 0.74 0.02 0.00 0.00 0.00 0.00 0.00 0.00 0.00 0.00 0.00 0.00 0.00 0.00 0.00 0.00 0.00 0.00 0.00 0.00 0.00 0.00 0.00 0.00 0.00 0.00 0.00 0.00 0.00 0.00 0.00 0.00 0.00 0.00 0.00 0.00 0.00 0.00 0.00 0.00 0.00 0.00 0.00 0.00 0.00 0.00 0.00 0.00 0.00 0.00 0.00 0.00 0.00 0.00 0.00 0.00 0.00 0.00 0.00 0.00 0.00 0.00 0.00 0.00 0.00 0.00 0.00 0.00 0.00 0.00 0.00 0.00 0.00 0.00
0.43 0.52 0.56 0.64 0.41 0.68 0.55 0.68 0.01 0.00 0.00 0.00 0.00 0.00 0.00 0.00 0.00 0.00 0.00 0.00 0.00 0.00 0.00 0.00 0.00 0.00 0.00 0.00 0.00 0.00 0.00 0.00 0.00 0.00 0.00 0.00 0.00 0.00 0.00 0.00 0.00 0.00 0.00 0.00 0.00 0.00 0.00 0.00 0.00 0.00 0.00 0.00 0.00 0.00 0.00 0.00 0.00 0.00 0.00 0.00 0.00 0.00 0.00 0.00 0.00 0.00 0.00 0.00 0.00 0.00 0.00 0.00 0.00 0.00 0.00 0.00 0.00 0.00 0.00 0.00
0.58 0.78 0.79 0.64 0.66 0.69 0.72 0.71 0.70 0.01 0.00 0.00 0.00 0.00 0.00 0.00 0.00 0.00 0.00 0.00 0.00 0.00 0.00 0.00 0.00 0.00 0.00 0.00 0.00 0.00 0.00 0.00 0.00 0.00 0.00 0.00 0.00 0.00 0.00 0.00 0.00 0.00 0.00 0.00 0.00 0.00 0.00 0.00 0.00 0.00 0.00 0.00 0.00 0.00 0.00 0.00 0.00 0.00 0.00 0.00 0.00 0.00 0.00 0.00 0.00 0.00 0.00 0.00 0.00 0.00 0.00 0.00 0.00 0.00 0.00 0.00 0.00 0.00 0.00 0.00
0.73 0.77 0.77 0.76 0.73 0.86 0.82 0.62 0.70 0.56 0.01 0.00 0.00 0.00 0.00 0.00 0.00 0.00 0.00 0.00 0.00 0.00 0.00 0.00 0.00 0.00 0.00 0.00 0.00 0.00 0.00 0.00 0.00 0.00 0.00 0.00 0.00 0.00 0.00 0.00 0.00 0.00 0.00 0.00 0.00 0.00 0.00 0.00 0.00 0.00 0.00 0.00 0.00 0.00 0.00 0.00 0.00 0.00 0.00 0.00 0.00 0.00 0.00 0.00 0.00 0.00 0.00 0.00 0.00 0.00 0.00 0.00 0.00 0.00 0.00 0.00 0.00 0.00 0.00 0.00
0.57 0.60 0.60 0.57 0.62 0.63 0.59 0.70 0.55 0.60 0.51 0.01 0.00 0.00 0.00 0.00 0.00 0.00 0.00 0.00 0.00 0.00 0.00 0.00 0.00 0.00 0.00 0.00 0.00 0.00 0.00 0.00 0.00 0.00 0.00 0.00 0.00 0.00 0.00 0.00 0.00 0.00 0.00 0.00 0.00 0.00 0.00 0.00 0.00 0.00 0.00 0.00 0.00 0.00 0.00 0.00 0.00 0.00 0.00 0.00 0.00 0.00 0.00 0.00 0.00 0.00 0.00 0.00 0.00 0.00 0.00 0.00 0.00 0.00 0.00 0.00 0.00 0.00 0.00 0.00
0.49 0.63 0.70 0.61 0.55 0.63 0.70 0.53 0.55 0.33 0.54 0.62 0.01 0.00 0.00 0.00 0.00 0.00 0.00 0.00 0.00 0.00 0.00 0.00 0.00 0.00 0.00 0.00 0.00 0.00 0.00 0.00 0.00 0.00 0.00 0.00 0.00 0.00 0.00 0.00 0.00 0.00 0.00 0.00 0.00 0.00 0.00 0.00 0.00 0.00 0.00 0.00 0.00 0.00 0.00 0.00 0.00 0.00 0.00 0.00 0.00 0.00 0.00 0.00 0.00 0.00 0.00 0.00 0.00 0.00 0.00 0.00 0.00 0.00 0.00 0.00 0.00 0.00 0.00 0.00
0.77 0.84 0.85 0.72 0.77 0.88 0.82 0.66 0.81 0.57 0.57 0.88 0.52 0.01 0.00 0.00 0.00 0.00 0.00 0.00 0.00 0.00 0.00 0.00 0.00 0.00 0.00 0.00 0.00 0.00 0.00 0.00 0.00 0.00 0.00 0.00 0.00 0.00 0.00 0.00 0.00 0.00 0.00 0.00 0.00 0.00 0.00 0.00 0.00 0.00 0.00 0.00 0.00 0.00 0.00 0.00 0.00 0.00 0.00 0.00 0.00 0.00 0.00 0.00 0.00 0.00 0.00 0.00 0.00 0.00 0.00 0.00 0.00 0.00 0.00 0.00 0.00 0.00 0.00 0.00
0.71 0.82 0.80 0.65 0.72 0.86 0.76 0.63 0.79 0.53 0.46 0.77 0.53 0.41 0.01 0.00 0.00 0.00 0.00 0.00 0.00 0.00 0.00 0.00 0.00 0.00 0.00 0.00 0.00 0.00 0.00 0.00 0.00 0.00 0.00 0.00 0.00 0.00 0.00 0.00 0.00 0.00 0.00 0.00 0.00 0.00 0.00 0.00 0.00 0.00 0.00 0.00 0.00 0.00 0.00 0.00 0.00 0.00 0.00 0.00 0.00 0.00 0.00 0.00 0.00 0.00 0.00 0.00 0.00 0.00 0.00 0.00 0.00 0.00 0.00 0.00 0.00 0.00 0.00 0.00
0.64 0.73 0.71 0.72 0.68 0.85 0.77 0.62 0.70 0.55 0.40 0.60 0.57 0.56 0.38 0.01 0.00 0.00 0.00 0.00 0.00 0.00 0.00 0.00 0.00 0.00 0.00 0.00 0.00 0.00 0.00 0.00 0.00 0.00 0.00 0.00 0.00 0.00 0.00 0.00 0.00 0.00 0.00 0.00 0.00 0.00 0.00 0.00 0.00 0.00 0.00 0.00 0.00 0.00 0.00 0.00 0.00 0.00 0.00 0.00 0.00 0.00 0.00 0.00 0.00 0.00 0.00 0.00 0.00 0.00 0.00 0.00 0.00 0.00 0.00 0.00 0.00 0.00 0.00 0.00
0.77 0.85 0.84 0.76 0.78 0.93 0.78 0.62 0.79 0.57 0.46 0.75 0.55 0.31 0.33 0.50 0.01 0.00 0.00 0.00 0.00 0.00 0.00 0.00 0.00 0.00 0.00 0.00 0.00 0.00 0.00 0.00 0.00 0.00 0.00 0.00 0.00 0.00 0.00 0.00 0.00 0.00 0.00 0.00 0.00 0.00 0.00 0.00 0.00 0.00 0.00 0.00 0.00 0.00 0.00 0.00 0.00 0.00 0.00 0.00 0.00 0.00 0.00 0.00 0.00 0.00 0.00 0.00 0.00 0.00 0.00 0.00 0.00 0.00 0.00 0.00 0.00 0.00 0.00 0.00
0.73 0.81 0.77 0.70 0.76 0.90 0.83 0.68 0.72 0.53 0.50 0.72 0.59 0.46 0.43 0.46 0.43 0.01 0.00 0.00 0.00 0.00 0.00 0.00 0.00 0.00 0.00 0.00 0.00 0.00 0.00 0.00 0.00 0.00 0.00 0.00 0.00 0.00 0.00 0.00 0.00 0.00 0.00 0.00 0.00 0.00 0.00 0.00 0.00 0.00 0.00 0.00 0.00 0.00 0.00 0.00 0.00 0.00 0.00 0.00 0.00 0.00 0.00 0.00 0.00 0.00 0.00 0.00 0.00 0.00 0.00 0.00 0.00 0.00 0.00 0.00 0.00 0.00 0.00 0.00
0.74 0.88 0.78 0.70 0.78 0.84 0.88 0.61 0.78 0.51 0.42 0.70 0.54 0.37 0.34 0.42 0.34 0.41 0.01 0.00 0.00 0.00 0.00 0.00 0.00 0.00 0.00 0.00 0.00 0.00 0.00 0.00 0.00 0.00 0.00 0.00 0.00 0.00 0.00 0.00 0.00 0.00 0.00 0.00 0.00 0.00 0.00 0.00 0.00 0.00 0.00 0.00 0.00 0.00 0.00 0.00 0.00 0.00 0.00 0.00 0.00 0.00 0.00 0.00 0.00 0.00 0.00 0.00 0.00 0.00 0.00 0.00 0.00 0.00 0.00 0.00 0.00 0.00 0.00 0.00
0.66 0.78 0.73 0.66 0.72 0.78 0.72 0.65 0.72 0.44 0.44 0.74 0.44 0.40 0.37 0.43 0.42 0.46 0.36 0.01 0.00 0.00 0.00 0.00 0.00 0.00 0.00 0.00 0.00 0.00 0.00 0.00 0.00 0.00 0.00 0.00 0.00 0.00 0.00 0.00 0.00 0.00 0.00 0.00 0.00 0.00 0.00 0.00 0.00 0.00 0.00 0.00 0.00 0.00 0.00 0.00 0.00 0.00 0.00 0.00 0.00 0.00 0.00 0.00 0.00 0.00 0.00 0.00 0.00 0.00 0.00 0.00 0.00 0.00 0.00 0.00 0.00 0.00 0.00 0.00
0.72 0.68 0.75 0.81 0.70 0.73 0.77 0.69 0.69 0.83 0.84 0.75 0.74 0.86 0.89 0.84 0.95 0.97 0.93 0.83 0.01 0.00 0.00 0.00 0.00 0.00 0.00 0.00 0.00 0.00 0.00 0.00 0.00 0.00 0.00 0.00 0.00 0.00 0.00 0.00 0.00 0.00 0.00 0.00 0.00 0.00 0.00 0.00 0.00 0.00 0.00 0.00 0.00 0.00 0.00 0.00 0.00 0.00 0.00 0.00 0.00 0.00 0.00 0.00 0.00 0.00 0.00 0.00 0.00 0.00 0.00 0.00 0.00 0.00 0.00 0.00 0.00 0.00 0.00 0.00
0.80 0.80 0.82 0.85 0.74 0.82 0.78 0.71 0.70 0.92 0.75 0.76 0.79 0.79 0.80 0.77 0.84 0.97 0.83 0.84 0.39 0.01 0.00 0.00 0.00 0.00 0.00 0.00 0.00 0.00 0.00 0.00 0.00 0.00 0.00 0.00 0.00 0.00 0.00 0.00 0.00 0.00 0.00 0.00 0.00 0.00 0.00 0.00 0.00 0.00 0.00 0.00 0.00 0.00 0.00 0.00 0.00 0.00 0.00 0.00 0.00 0.00 0.00 0.00 0.00 0.00 0.00 0.00 0.00 0.00 0.00 0.00 0.00 0.00 0.00 0.00 0.00 0.00 0.00 0.00
0.87 0.85 0.80 0.86 0.82 0.87 0.81 0.74 0.71 1.00 0.82 0.86 0.86 0.81 0.84 0.82 0.87 1.01 0.84 0.83 0.46 0.29 0.01 0.00 0.00 0.00 0.00 0.00 0.00 0.00 0.00 0.00 0.00 0.00 0.00 0.00 0.00 0.00 0.00 0.00 0.00 0.00 0.00 0.00 0.00 0.00 0.00 0.00 0.00 0.00 0.00 0.00 0.00 0.00 0.00 0.00 0.00 0.00 0.00 0.00 0.00 0.00 0.00 0.00 0.00 0.00 0.00 0.00 0.00 0.00 0.00 0.00 0.00 0.00 0.00 0.00 0.00 0.00 0.00 0.00
0.80 0.76 0.84 0.84 0.77 0.79 0.80 0.74 0.79 0.92 0.93 0.88 0.82 0.81 0.89 0.92 0.90 0.98 0.90 0.83 0.43 0.34 0.34 0.01 0.00 0.00 0.00 0.00 0.00 0.00 0.00 0.00 0.00 0.00 0.00 0.00 0.00 0.00 0.00 0.00 0.00 0.00 0.00 0.00 0.00 0.00 0.00 0.00 0.00 0.00 0.00 0.00 0.00 0.00 0.00 0.00 0.00 0.00 0.00 0.00 0.00 0.00 0.00 0.00 0.00 0.00 0.00 0.00 0.00 0.00 0.00 0.00 0.00 0.00 0.00 0.00 0.00 0.00 0.00 0.00
0.74 0.76 0.78 0.82 0.72 0.75 0.78 0.72 0.67 0.91 0.88 0.78 0.82 0.87 0.85 0.84 0.88 0.99 0.89 0.92 0.47 0.37 0.43 0.29 0.01 0.00 0.00 0.00 0.00 0.00 0.00 0.00 0.00 0.00 0.00 0.00 0.00 0.00 0.00 0.00 0.00 0.00 0.00 0.00 0.00 0.00 0.00 0.00 0.00 0.00 0.00 0.00 0.00 0.00 0.00 0.00 0.00 0.00 0.00 0.00 0.00 0.00 0.00 0.00 0.00 0.00 0.00 0.00 0.00 0.00 0.00 0.00 0.00 0.00 0.00 0.00 0.00 0.00 0.00 0.00
0.72 0.79 0.75 0.76 0.78 0.80 0.73 0.73 0.68 0.88 0.82 0.79 0.83 0.72 0.81 0.79 0.84 0.92 0.82 0.84 0.41 0.29 0.34 0.36 0.44 0.01 0.00 0.00 0.00 0.00 0.00 0.00 0.00 0.00 0.00 0.00 0.00 0.00 0.00 0.00 0.00 0.00 0.00 0.00 0.00 0.00 0.00 0.00 0.00 0.00 0.00 0.00 0.00 0.00 0.00 0.00 0.00 0.00 0.00 0.00 0.00 0.00 0.00 0.00 0.00 0.00 0.00 0.00 0.00 0.00 0.00 0.00 0.00 0.00 0.00 0.00 0.00 0.00 0.00 0.00
0.74 0.80 0.79 0.85 0.81 0.79 0.77 0.71 0.69 0.92 0.81 0.80 0.87 0.80 0.86 0.85 0.87 1.00 0.87 0.89 0.47 0.32 0.36 0.47 0.45 0.33 0.01 0.00 0.00 0.00 0.00 0.00 0.00 0.00 0.00 0.00 0.00 0.00 0.00 0.00 0.00 0.00 0.00 0.00 0.00 0.00 0.00 0.00 0.00 0.00 0.00 0.00 0.00 0.00 0.00 0.00 0.00 0.00 0.00 0.00 0.00 0.00 0.00 0.00 0.00 0.00 0.00 0.00 0.00 0.00 0.00 0.00 0.00 0.00 0.00 0.00 0.00 0.00 0.00 0.00
0.80 0.79 0.86 0.94 0.78 0.79 0.73 0.75 0.74 0.97 0.94 0.86 0.94 0.82 0.93 0.95 0.94 1.01 0.94 0.96 0.46 0.45 0.46 0.45 0.48 0.38 0.46 0.01 0.00 0.00 0.00 0.00 0.00 0.00 0.00 0.00 0.00 0.00 0.00 0.00 0.00 0.00 0.00 0.00 0.00 0.00 0.00 0.00 0.00 0.00 0.00 0.00 0.00 0.00 0.00 0.00 0.00 0.00 0.00 0.00 0.00 0.00 0.00 0.00 0.00 0.00 0.00 0.00 0.00 0.00 0.00 0.00 0.00 0.00 0.00 0.00 0.00 0.00 0.00 0.00
0.78 0.87 0.84 0.88 0.80 0.83 0.80 0.68 0.74 0.90 0.75 0.72 0.84 0.73 0.76 0.75 0.80 0.92 0.75 0.83 0.48 0.31 0.42 0.41 0.41 0.36 0.37 0.42 0.01 0.00 0.00 0.00 0.00 0.00 0.00 0.00 0.00 0.00 0.00 0.00 0.00 0.00 0.00 0.00 0.00 0.00 0.00 0.00 0.00 0.00 0.00 0.00 0.00 0.00 0.00 0.00 0.00 0.00 0.00 0.00 0.00 0.00 0.00 0.00 0.00 0.00 0.00 0.00 0.00 0.00 0.00 0.00 0.00 0.00 0.00 0.00 0.00 0.00 0.00 0.00
0.77 0.75 0.82 0.80 0.76 0.79 0.82 0.71 0.68 0.94 0.89 0.86 0.81 0.77 0.84 0.85 0.90 0.96 0.89 0.86 0.45 0.34 0.38 0.35 0.35 0.39 0.43 0.43 0.41 0.00 0.00 0.00 0.00 0.00 0.00 0.00 0.00 0.00 0.00 0.00 0.00 0.00 0.00 0.00 0.00 0.00 0.00 0.00 0.00 0.00 0.00 0.00 0.00 0.00 0.00 0.00 0.00 0.00 0.00 0.00 0.00 0.00 0.00 0.00 0.00 0.00 0.00 0.00 0.00 0.00 0.00 0.00 0.00 0.00 0.00 0.00 0.00 0.00 0.00 0.00
0.61 0.74 0.68 0.72 0.60 0.65 0.73 0.49 0.53 0.67 0.77 0.63 0.49 0.78 0.72 0.76 0.74 0.79 0.82 0.72 0.63 0.70 0.70 0.73 0.68 0.70 0.68 0.79 0.76 0.75 0.01 0.00 0.00 0.00 0.00 0.00 0.00 0.00 0.00 0.00 0.00 0.00 0.00 0.00 0.00 0.00 0.00 0.00 0.00 0.00 0.00 0.00 0.00 0.00 0.00 0.00 0.00 0.00 0.00 0.00 0.00 0.00 0.00 0.00 0.00 0.00 0.00 0.00 0.00 0.00 0.00 0.00 0.00 0.00 0.00 0.00 0.00 0.00 0.00 0.00
0.57 0.58 0.82 0.79 0.58 0.59 0.67 0.54 0.58 0.82 0.78 0.69 0.62 0.78 0.79 0.79 0.82 0.88 0.78 0.80 0.58 0.56 0.65 0.62 0.51 0.59 0.58 0.63 0.59 0.60 0.51 0.01 0.00 0.00 0.00 0.00 0.00 0.00 0.00 0.00 0.00 0.00 0.00 0.00 0.00 0.00 0.00 0.00 0.00 0.00 0.00 0.00 0.00 0.00 0.00 0.00 0.00 0.00 0.00 0.00 0.00 0.00 0.00 0.00 0.00 0.00 0.00 0.00 0.00 0.00 0.00 0.00 0.00 0.00 0.00 0.00 0.00 0.00 0.00 0.00
0.60 0.65 0.73 0.75 0.60 0.56 0.74 0.61 0.58 0.74 0.81 0.72 0.59 0.79 0.79 0.83 0.80 0.80 0.85 0.76 0.61 0.66 0.72 0.69 0.65 0.62 0.70 0.74 0.70 0.67 0.33 0.47 0.01 0.00 0.00 0.00 0.00 0.00 0.00 0.00 0.00 0.00 0.00 0.00 0.00 0.00 0.00 0.00 0.00 0.00 0.00 0.00 0.00 0.00 0.00 0.00 0.00 0.00 0.00 0.00 0.00 0.00 0.00 0.00 0.00 0.00 0.00 0.00 0.00 0.00 0.00 0.00 0.00 0.00 0.00 0.00 0.00 0.00 0.00 0.00
0.71 0.75 0.77 0.75 0.73 0.60 0.73 0.77 0.69 0.88 1.05 0.81 0.74 0.94 0.97 0.97 1.03 0.92 0.98 0.99 0.69 0.73 0.79 0.73 0.69 0.65 0.67 0.73 0.73 0.63 0.61 0.59 0.54 0.01 0.00 0.00 0.00 0.00 0.00 0.00 0.00 0.00 0.00 0.00 0.00 0.00 0.00 0.00 0.00 0.00 0.00 0.00 0.00 0.00 0.00 0.00 0.00 0.00 0.00 0.00 0.00 0.00 0.00 0.00 0.00 0.00 0.00 0.00 0.00 0.00 0.00 0.00 0.00 0.00 0.00 0.00 0.00 0.00 0.00 0.00
0.55 0.67 0.74 0.74 0.55 0.61 0.70 0.55 0.53 0.68 0.72 0.68 0.55 0.76 0.76 0.80 0.79 0.79 0.79 0.72 0.67 0.65 0.72 0.73 0.67 0.66 0.65 0.69 0.69 0.68 0.32 0.54 0.26 0.62 0.00 0.00 0.00 0.00 0.00 0.00 0.00 0.00 0.00 0.00 0.00 0.00 0.00 0.00 0.00 0.00 0.00 0.00 0.00 0.00 0.00 0.00 0.00 0.00 0.00 0.00 0.00 0.00 0.00 0.00 0.00 0.00 0.00 0.00 0.00 0.00 0.00 0.00 0.00 0.00 0.00 0.00 0.00 0.00 0.00 0.00
0.62 0.64 0.71 0.77 0.66 0.59 0.68 0.48 0.64 0.71 0.70 0.64 0.61 0.65 0.62 0.65 0.65 0.73 0.67 0.68 0.63 0.67 0.67 0.72 0.66 0.62 0.69 0.69 0.65 0.63 0.48 0.49 0.50 0.64 0.50 0.01 0.00 0.00 0.00 0.00 0.00 0.00 0.00 0.00 0.00 0.00 0.00 0.00 0.00 0.00 0.00 0.00 0.00 0.00 0.00 0.00 0.00 0.00 0.00 0.00 0.00 0.00 0.00 0.00 0.00 0.00 0.00 0.00 0.00 0.00 0.00 0.00 0.00 0.00 0.00 0.00 0.00 0.00 0.00 0.00
0.63 0.66 0.74 0.78 0.64 0.64 0.71 0.44 0.56 0.77 0.75 0.67 0.55 0.75 0.76 0.76 0.77 0.79 0.79 0.76 0.60 0.60 0.61 0.67 0.64 0.61 0.63 0.64 0.62 0.60 0.34 0.50 0.37 0.56 0.31 0.40 0.01 0.00 0.00 0.00 0.00 0.00 0.00 0.00 0.00 0.00 0.00 0.00 0.00 0.00 0.00 0.00 0.00 0.00 0.00 0.00 0.00 0.00 0.00 0.00 0.00 0.00 0.00 0.00 0.00 0.00 0.00 0.00 0.00 0.00 0.00 0.00 0.00 0.00 0.00 0.00 0.00 0.00 0.00 0.00
0.53 0.57 0.66 0.79 0.56 0.50 0.61 0.57 0.62 0.67 0.78 0.62 0.57 0.79 0.75 0.70 0.79 0.78 0.79 0.74 0.70 0.71 0.73 0.73 0.69 0.72 0.67 0.78 0.74 0.68 0.48 0.43 0.44 0.60 0.49 0.52 0.44 0.01 0.00 0.00 0.00 0.00 0.00 0.00 0.00 0.00 0.00 0.00 0.00 0.00 0.00 0.00 0.00 0.00 0.00 0.00 0.00 0.00 0.00 0.00 0.00 0.00 0.00 0.00 0.00 0.00 0.00 0.00 0.00 0.00 0.00 0.00 0.00 0.00 0.00 0.00 0.00 0.00 0.00 0.00
0.54 0.67 0.77 0.77 0.53 0.62 0.70 0.56 0.53 0.72 0.80 0.69 0.57 0.72 0.72 0.77 0.80 0.85 0.84 0.74 0.63 0.68 0.73 0.73 0.65 0.66 0.68 0.75 0.69 0.65 0.43 0.55 0.36 0.55 0.31 0.48 0.41 0.57 0.01 0.00 0.00 0.00 0.00 0.00 0.00 0.00 0.00 0.00 0.00 0.00 0.00 0.00 0.00 0.00 0.00 0.00 0.00 0.00 0.00 0.00 0.00 0.00 0.00 0.00 0.00 0.00 0.00 0.00 0.00 0.00 0.00 0.00 0.00 0.00 0.00 0.00 0.00 0.00 0.00 0.00
0.72 0.60 0.65 0.75 0.69 0.75 0.75 0.71 0.64 0.85 0.87 0.73 0.71 0.84 0.92 0.89 0.83 0.87 0.85 0.90 0.71 0.75 0.76 0.70 0.73 0.75 0.73 0.68 0.76 0.67 0.64 0.71 0.67 0.66 0.71 0.73 0.62 0.62 0.79 0.01 0.00 0.00 0.00 0.00 0.00 0.00 0.00 0.00 0.00 0.00 0.00 0.00 0.00 0.00 0.00 0.00 0.00 0.00 0.00 0.00 0.00 0.00 0.00 0.00 0.00 0.00 0.00 0.00 0.00 0.00 0.00 0.00 0.00 0.00 0.00 0.00 0.00 0.00 0.00 0.00
0.90 0.89 0.88 1.02 0.88 0.92 0.89 0.88 0.83 1.02 0.95 0.98 0.95 0.95 0.97 0.96 0.97 0.97 0.94 0.96 0.93 0.95 0.88 0.96 1.00 0.92 0.95 0.84 0.95 0.90 0.92 0.82 0.88 0.81 0.95 0.92 0.89 0.89 0.94 0.82 0.01 0.00 0.00 0.00 0.00 0.00 0.00 0.00 0.00 0.00 0.00 0.00 0.00 0.00 0.00 0.00 0.00 0.00 0.00 0.00 0.00 0.00 0.00 0.00 0.00 0.00 0.00 0.00 0.00 0.00 0.00 0.00 0.00 0.00 0.00 0.00 0.00 0.00 0.00 0.00
0.72 0.77 0.86 0.95 0.76 0.67 0.88 0.66 0.71 0.92 0.94 0.81 0.73 0.99 0.98 0.96 1.07 1.04 0.94 0.95 0.75 0.77 0.74 0.77 0.74 0.80 0.70 0.82 0.74 0.72 0.65 0.63 0.67 0.56 0.67 0.79 0.59 0.62 0.69 0.76 0.74 0.02 0.00 0.00 0.00 0.00 0.00 0.00 0.00 0.00 0.00 0.00 0.00 0.00 0.00 0.00 0.00 0.00 0.00 0.00 0.00 0.00 0.00 0.00 0.00 0.00 0.00 0.00 0.00 0.00 0.00 0.00 0.00 0.00 0.00 0.00 0.00 0.00 0.00 0.00
0.52 0.61 0.64 0.74 0.56 0.65 0.68 0.71 0.64 0.60 0.73 0.67 0.58 0.78 0.78 0.71 0.79 0.82 0.79 0.69 0.57 0.73 0.77 0.77 0.74 0.66 0.70 0.82 0.75 0.76 0.59 0.63 0.60 0.68 0.61 0.62 0.66 0.56 0.56 0.74 0.85 0.67 0.01 0.00 0.00 0.00 0.00 0.00 0.00 0.00 0.00 0.00 0.00 0.00 0.00 0.00 0.00 0.00 0.00 0.00 0.00 0.00 0.00 0.00 0.00 0.00 0.00 0.00 0.00 0.00 0.00 0.00 0.00 0.00 0.00 0.00 0.00 0.00 0.00 0.00
0.62 0.72 0.75 0.79 0.65 0.58 0.66 0.69 0.60 0.76 0.89 0.74 0.69 0.86 0.84 0.85 0.83 0.87 0.86 0.84 0.59 0.61 0.72 0.62 0.61 0.59 0.62 0.67 0.69 0.65 0.54 0.61 0.40 0.60 0.41 0.63 0.55 0.57 0.43 0.72 0.99 0.76 0.56 0.01 0.00 0.00 0.00 0.00 0.00 0.00 0.00 0.00 0.00 0.00 0.00 0.00 0.00 0.00 0.00 0.00 0.00 0.00 0.00 0.00 0.00 0.00 0.00 0.00 0.00 0.00 0.00 0.00 0.00 0.00 0.00 0.00 0.00 0.00 0.00 0.00
0.59 0.65 0.82 0.78 0.67 0.63 0.65 0.64 0.71 0.82 0.91 0.72 0.62 0.93 0.94 0.87 1.04 0.99 0.93 0.94 0.70 0.76 0.85 0.74 0.73 0.75 0.74 0.73 0.73 0.77 0.67 0.56 0.61 0.49 0.63 0.75 0.60 0.61 0.61 0.68 0.77 0.48 0.67 0.64 0.01 0.00 0.00 0.00 0.00 0.00 0.00 0.00 0.00 0.00 0.00 0.00 0.00 0.00 0.00 0.00 0.00 0.00 0.00 0.00 0.00 0.00 0.00 0.00 0.00 0.00 0.00 0.00 0.00 0.00 0.00 0.00 0.00 0.00 0.00 0.00
0.74 0.73 0.85 0.91 0.68 0.70 0.76 0.68 0.73 0.91 0.83 0.81 0.79 0.79 0.82 0.83 0.92 0.92 0.82 0.87 0.66 0.52 0.61 0.55 0.46 0.59 0.58 0.61 0.49 0.48 0.76 0.51 0.67 0.64 0.69 0.67 0.64 0.65 0.62 0.78 0.77 0.55 0.74 0.71 0.61 0.01 0.00 0.00 0.00 0.00 0.00 0.00 0.00 0.00 0.00 0.00 0.00 0.00 0.00 0.00 0.00 0.00 0.00 0.00 0.00 0.00 0.00 0.00 0.00 0.00 0.00 0.00 0.00 0.00 0.00 0.00 0.00 0.00 0.00 0.00
0.70 0.70 0.82 0.85 0.62 0.59 0.80 0.63 0.67 0.84 0.82 0.70 0.67 0.91 0.89 0.82 0.94 0.89 0.86 0.84 0.65 0.61 0.79 0.66 0.63 0.74 0.72 0.72 0.63 0.65 0.66 0.58 0.58 0.61 0.58 0.69 0.59 0.62 0.62 0.66 0.91 0.57 0.78 0.67 0.52 0.59 0.01 0.00 0.00 0.00 0.00 0.00 0.00 0.00 0.00 0.00 0.00 0.00 0.00 0.00 0.00 0.00 0.00 0.00 0.00 0.00 0.00 0.00 0.00 0.00 0.00 0.00 0.00 0.00 0.00 0.00 0.00 0.00 0.00 0.00
0.85 0.84 0.91 0.96 0.76 0.82 0.87 0.82 0.72 1.00 0.97 0.83 0.87 0.98 1.04 1.03 1.05 1.00 1.01 1.01 0.65 0.55 0.63 0.65 0.62 0.61 0.61 0.66 0.59 0.60 0.71 0.63 0.69 0.53 0.64 0.82 0.68 0.79 0.73 0.77 0.85 0.45 0.78 0.70 0.56 0.53 0.64 0.01 0.00 0.00 0.00 0.00 0.00 0.00 0.00 0.00 0.00 0.00 0.00 0.00 0.00 0.00 0.00 0.00 0.00 0.00 0.00 0.00 0.00 0.00 0.00 0.00 0.00 0.00 0.00 0.00 0.00 0.00 0.00 0.00
0.74 0.71 0.81 0.93 0.69 0.66 0.85 0.79 0.69 0.93 1.00 0.85 0.82 0.94 1.01 0.95 1.03 0.99 0.96 0.98 0.64 0.71 0.74 0.74 0.66 0.67 0.68 0.66 0.69 0.67 0.71 0.52 0.68 0.46 0.70 0.69 0.64 0.71 0.66 0.70 0.66 0.48 0.65 0.77 0.57 0.54 0.61 0.52 0.01 0.00 0.00 0.00 0.00 0.00 0.00 0.00 0.00 0.00 0.00 0.00 0.00 0.00 0.00 0.00 0.00 0.00 0.00 0.00 0.00 0.00 0.00 0.00 0.00 0.00 0.00 0.00 0.00 0.00 0.00 0.00
0.96 0.93 0.94 0.92 0.91 0.85 0.94 1.00 0.84 1.09 1.00 0.97 0.93 0.97 1.05 1.07 1.01 1.07 0.99 1.04 0.95 0.90 0.87 0.88 0.85 0.90 0.81 0.82 0.85 0.83 0.92 0.81 0.92 0.69 0.94 0.99 0.91 0.92 0.89 0.80 0.59 0.71 0.90 0.94 0.74 0.78 0.83 0.73 0.61 0.01 0.00 0.00 0.00 0.00 0.00 0.00 0.00 0.00 0.00 0.00 0.00 0.00 0.00 0.00 0.00 0.00 0.00 0.00 0.00 0.00 0.00 0.00 0.00 0.00 0.00 0.00 0.00 0.00 0.00 0.00
0.70 0.75 0.82 0.85 0.76 0.67 0.77 0.74 0.70 0.88 0.91 0.80 0.79 0.70 0.85 0.82 0.86 0.93 0.81 0.87 0.55 0.53 0.54 0.41 0.43 0.51 0.50 0.49 0.46 0.39 0.70 0.59 0.65 0.60 0.69 0.62 0.63 0.68 0.66 0.67 0.89 0.66 0.70 0.64 0.68 0.40 0.62 0.64 0.57 0.78 0.00 0.00 0.00 0.00 0.00 0.00 0.00 0.00 0.00 0.00 0.00 0.00 0.00 0.00 0.00 0.00 0.00 0.00 0.00 0.00 0.00 0.00 0.00 0.00 0.00 0.00 0.00 0.00 0.00 0.00
0.71 0.69 0.79 0.79 0.66 0.70 0.75 0.70 0.66 0.89 0.85 0.73 0.73 0.78 0.84 0.84 0.83 0.92 0.85 0.89 0.53 0.42 0.46 0.37 0.37 0.49 0.46 0.45 0.49 0.39 0.66 0.53 0.58 0.67 0.65 0.58 0.54 0.61 0.67 0.67 0.94 0.70 0.73 0.66 0.66 0.39 0.61 0.54 0.64 0.80 0.38 0.01 0.00 0.00 0.00 0.00 0.00 0.00 0.00 0.00 0.00 0.00 0.00 0.00 0.00 0.00 0.00 0.00 0.00 0.00 0.00 0.00 0.00 0.00 0.00 0.00 0.00 0.00 0.00 0.00
0.69 0.74 0.69 0.80 0.75 0.77 0.70 0.74 0.67 0.88 0.79 0.69 0.81 0.72 0.82 0.75 0.82 0.81 0.81 0.86 0.67 0.70 0.76 0.76 0.69 0.64 0.65 0.63 0.68 0.68 0.77 0.65 0.72 0.73 0.65 0.63 0.70 0.74 0.67 0.74 0.87 0.85 0.69 0.68 0.86 0.73 0.82 0.73 0.69 0.93 0.59 0.68 0.00 0.00 0.00 0.00 0.00 0.00 0.00 0.00 0.00 0.00 0.00 0.00 0.00 0.00 0.00 0.00 0.00 0.00 0.00 0.00 0.00 0.00 0.00 0.00 0.00 0.00 0.00 0.00
0.68 0.71 0.77 0.76 0.63 0.65 0.71 0.66 0.64 0.80 0.81 0.74 0.67 0.69 0.73 0.77 0.77 0.84 0.76 0.80 0.57 0.49 0.56 0.44 0.43 0.54 0.55 0.52 0.50 0.45 0.60 0.56 0.53 0.69 0.58 0.56 0.53 0.62 0.62 0.66 0.89 0.70 0.70 0.64 0.63 0.43 0.59 0.65 0.66 0.82 0.35 0.26 0.68 0.01 0.00 0.00 0.00 0.00 0.00 0.00 0.00 0.00 0.00 0.00 0.00 0.00 0.00 0.00 0.00 0.00 0.00 0.00 0.00 0.00 0.00 0.00 0.00 0.00 0.00 0.00
0.67 0.69 0.86 0.85 0.60 0.66 0.71 0.65 0.65 0.85 0.82 0.69 0.68 0.74 0.77 0.80 0.86 0.83 0.80 0.82 0.64 0.55 0.67 0.53 0.53 0.56 0.64 0.64 0.53 0.59 0.62 0.50 0.61 0.62 0.60 0.59 0.52 0.66 0.62 0.70 0.87 0.62 0.75 0.67 0.58 0.45 0.58 0.60 0.60 0.85 0.49 0.43 0.70 0.36 0.01 0.00 0.00 0.00 0.00 0.00 0.00 0.00 0.00 0.00 0.00 0.00 0.00 0.00 0.00 0.00 0.00 0.00 0.00 0.00 0.00 0.00 0.00 0.00 0.00 0.00
0.68 0.72 0.85 0.84 0.74 0.68 0.77 0.68 0.72 0.90 0.87 0.73 0.72 0.76 0.88 0.81 0.84 0.89 0.80 0.88 0.62 0.63 0.64 0.55 0.52 0.64 0.68 0.67 0.55 0.56 0.69 0.52 0.58 0.64 0.62 0.61 0.53 0.63 0.72 0.70 0.89 0.69 0.73 0.63 0.63 0.49 0.58 0.64 0.64 0.89 0.37 0.38 0.60 0.44 0.45 0.01 0.00 0.00 0.00 0.00 0.00 0.00 0.00 0.00 0.00 0.00 0.00 0.00 0.00 0.00 0.00 0.00 0.00 0.00 0.00 0.00 0.00 0.00 0.00 0.00
0.80 0.83 0.91 0.91 0.76 0.78 0.79 0.73 0.82 0.87 0.74 0.76 0.84 0.76 0.76 0.76 0.81 0.88 0.73 0.85 0.58 0.44 0.54 0.52 0.51 0.50 0.52 0.50 0.49 0.52 0.79 0.57 0.74 0.73 0.75 0.66 0.71 0.72 0.74 0.81 0.93 0.74 0.73 0.75 0.76 0.43 0.69 0.70 0.70 0.89 0.49 0.44 0.65 0.49 0.50 0.61 0.01 0.00 0.00 0.00 0.00 0.00 0.00 0.00 0.00 0.00 0.00 0.00 0.00 0.00 0.00 0.00 0.00 0.00 0.00 0.00 0.00 0.00 0.00 0.00
0.74 0.80 0.92 0.91 0.76 0.77 0.74 0.70 0.79 0.95 0.81 0.73 0.88 0.77 0.80 0.77 0.85 0.86 0.78 0.88 0.60 0.48 0.63 0.62 0.58 0.50 0.54 0.52 0.51 0.55 0.76 0.57 0.71 0.69 0.69 0.58 0.64 0.69 0.65 0.75 0.88 0.73 0.77 0.69 0.71 0.38 0.70 0.65 0.64 0.86 0.47 0.48 0.62 0.48 0.51 0.57 0.22 0.01 0.00 0.00 0.00 0.00 0.00 0.00 0.00 0.00 0.00 0.00 0.00 0.00 0.00 0.00 0.00 0.00 0.00 0.00 0.00 0.00 0.00 0.00
0.69 0.70 0.67 0.76 0.73 0.76 0.68 0.65 0.68 0.86 0.83 0.76 0.72 0.78 0.78 0.76 0.85 0.86 0.86 0.74 0.62 0.67 0.65 0.70 0.66 0.59 0.66 0.74 0.68 0.73 0.59 0.69 0.56 0.72 0.60 0.53 0.58 0.59 0.56 0.74 1.01 0.86 0.65 0.61 0.85 0.76 0.81 0.85 0.81 1.01 0.68 0.66 0.74 0.66 0.70 0.76 0.72 0.73 0.01 0.00 0.00 0.00 0.00 0.00 0.00 0.00 0.00 0.00 0.00 0.00 0.00 0.00 0.00 0.00 0.00 0.00 0.00 0.00 0.00 0.00
0.66 0.72 0.83 0.76 0.67 0.64 0.71 0.70 0.71 0.76 0.83 0.66 0.72 0.73 0.78 0.76 0.83 0.88 0.76 0.75 0.59 0.57 0.67 0.52 0.52 0.53 0.56 0.61 0.53 0.50 0.67 0.57 0.59 0.63 0.68 0.53 0.58 0.58 0.61 0.75 0.93 0.76 0.68 0.61 0.67 0.49 0.58 0.71 0.70 0.90 0.38 0.34 0.65 0.40 0.42 0.43 0.51 0.51 0.66 0.01 0.00 0.00 0.00 0.00 0.00 0.00 0.00 0.00 0.00 0.00 0.00 0.00 0.00 0.00 0.00 0.00 0.00 0.00 0.00 0.00
0.75 0.74 0.80 0.77 0.76 0.78 0.79 0.67 0.84 0.64 0.74 0.78 0.65 0.68 0.69 0.76 0.77 0.78 0.69 0.60 0.86 0.89 0.88 0.88 0.90 0.81 0.84 0.98 0.88 0.92 0.78 0.79 0.86 0.92 0.80 0.82 0.82 0.77 0.76 1.03 1.01 0.83 0.77 0.83 0.73 0.85 0.89 1.02 0.89 1.09 0.94 0.96 0.95 0.88 0.81 0.92 0.88 0.92 0.83 0.89 0.01 0.00 0.00 0.00 0.00 0.00 0.00 0.00 0.00 0.00 0.00 0.00 0.00 0.00 0.00 0.00 0.00 0.00 0.00 0.00
0.56 0.52 0.75 0.80 0.60 0.58 0.69 0.79 0.70 0.77 0.84 0.67 0.67 0.82 0.80 0.76 0.84 0.79 0.79 0.78 0.71 0.86 0.92 0.79 0.77 0.82 0.83 0.73 0.80 0.84 0.74 0.57 0.66 0.77 0.71 0.73 0.75 0.60 0.69 0.71 0.87 0.78 0.57 0.67 0.65 0.74 0.74 0.86 0.69 0.87 0.67 0.72 0.69 0.72 0.72 0.74 0.77 0.74 0.82 0.68 0.78 0.01 0.00 0.00 0.00 0.00 0.00 0.00 0.00 0.00 0.00 0.00 0.00 0.00 0.00 0.00 0.00 0.00 0.00 0.00
0.58 0.61 0.64 0.72 0.57 0.75 0.67 0.71 0.62 0.73 0.73 0.58 0.66 0.78 0.81 0.70 0.76 0.82 0.74 0.70 0.70 0.74 0.84 0.76 0.70 0.71 0.78 0.74 0.69 0.70 0.79 0.65 0.72 0.82 0.74 0.68 0.76 0.67 0.68 0.77 0.92 0.82 0.66 0.76 0.64 0.68 0.70 0.89 0.80 0.92 0.74 0.70 0.78 0.60 0.65 0.78 0.75 0.70 0.72 0.64 0.68 0.62 0.01 0.00 0.00 0.00 0.00 0.00 0.00 0.00 0.00 0.00 0.00 0.00 0.00 0.00 0.00 0.00 0.00 0.00
0.56 0.58 0.73 0.73 0.61 0.58 0.75 0.73 0.65 0.68 0.69 0.54 0.64 0.83 0.79 0.71 0.83 0.74 0.74 0.69 0.80 0.85 0.93 0.86 0.86 0.81 0.87 0.89 0.79 0.86 0.72 0.66 0.68 0.82 0.69 0.73 0.73 0.64 0.74 0.82 0.96 0.75 0.66 0.73 0.61 0.77 0.65 0.87 0.77 1.00 0.84 0.82 0.90 0.71 0.72 0.77 0.82 0.79 0.88 0.74 0.51 0.50 0.56 0.01 0.00 0.00 0.00 0.00 0.00 0.00 0.00 0.00 0.00 0.00 0.00 0.00 0.00 0.00 0.00 0.00
0.52 0.49 0.74 0.84 0.51 0.67 0.77 0.70 0.56 0.68 0.64 0.55 0.57 0.76 0.76 0.61 0.75 0.70 0.69 0.68 0.79 0.87 0.94 0.88 0.85 0.88 0.89 0.83 0.80 0.85 0.68 0.63 0.61 0.83 0.59 0.66 0.69 0.63 0.67 0.68 0.84 0.79 0.63 0.69 0.64 0.81 0.60 0.83 0.74 0.91 0.77 0.80 0.66 0.73 0.70 0.74 0.84 0.77 0.86 0.72 0.76 0.54 0.65 0.55 0.01 0.00 0.00 0.00 0.00 0.00 0.00 0.00 0.00 0.00 0.00 0.00 0.00 0.00 0.00 0.00
0.58 0.55 0.72 0.77 0.59 0.66 0.64 0.71 0.65 0.75 0.80 0.57 0.71 0.92 0.76 0.71 0.88 0.77 0.80 0.81 0.83 0.83 0.95 0.87 0.78 0.82 0.91 0.87 0.80 0.89 0.71 0.61 0.68 0.75 0.73 0.70 0.71 0.56 0.73 0.76 0.88 0.78 0.67 0.73 0.64 0.76 0.71 0.90 0.78 0.96 0.85 0.79 0.84 0.78 0.77 0.78 0.82 0.76 0.77 0.75 0.69 0.49 0.65 0.42 0.57 0.01 0.00 0.00 0.00 0.00 0.00 0.00 0.00 0.00 0.00 0.00 0.00 0.00 0.00 0.00
0.56 0.71 0.77 0.68 0.65 0.74 0.80 0.74 0.60 0.59 0.69 0.66 0.55 0.72 0.77 0.78 0.73 0.83 0.70 0.62 0.73 0.83 0.85 0.84 0.78 0.84 0.81 0.86 0.83 0.86 0.70 0.64 0.77 0.96 0.76 0.77 0.80 0.70 0.73 0.86 1.01 0.84 0.71 0.75 0.73 0.84 0.77 0.91 0.89 1.00 0.84 0.74 0.87 0.73 0.80 0.81 0.90 0.85 0.89 0.73 0.75 0.76 0.69 0.65 0.69 0.81 0.00 0.00 0.00 0.00 0.00 0.00 0.00 0.00 0.00 0.00 0.00 0.00 0.00 0.00
0.57 0.40 0.64 0.73 0.58 0.68 0.66 0.74 0.61 0.80 0.73 0.71 0.68 0.87 0.82 0.74 0.85 0.84 0.82 0.74 0.73 0.85 0.93 0.84 0.76 0.84 0.86 0.94 0.87 0.81 0.70 0.53 0.59 0.80 0.66 0.71 0.66 0.59 0.70 0.70 0.85 0.78 0.62 0.74 0.70 0.76 0.76 0.89 0.77 0.91 0.83 0.75 0.86 0.79 0.72 0.78 0.87 0.83 0.77 0.71 0.79 0.49 0.66 0.59 0.62 0.50 0.73 0.01 0.00 0.00 0.00 0.00 0.00 0.00 0.00 0.00 0.00 0.00 0.00 0.00
0.47 0.49 0.63 0.66 0.51 0.56 0.63 0.61 0.56 0.58 0.68 0.53 0.54 0.74 0.74 0.67 0.82 0.71 0.67 0.66 0.70 0.81 0.82 0.82 0.79 0.75 0.77 0.85 0.82 0.81 0.62 0.56 0.66 0.73 0.66 0.66 0.67 0.52 0.67 0.71 0.93 0.68 0.59 0.66 0.58 0.71 0.67 0.82 0.73 1.01 0.75 0.71 0.76 0.70 0.65 0.70 0.77 0.73 0.77 0.65 0.55 0.54 0.62 0.40 0.60 0.50 0.61 0.55 0.01 0.00 0.00 0.00 0.00 0.00 0.00 0.00 0.00 0.00 0.00 0.00
0.54 0.57 0.68 0.79 0.55 0.57 0.69 0.70 0.59 0.67 0.72 0.55 0.62 0.86 0.82 0.73 0.87 0.81 0.84 0.71 0.71 0.85 0.94 0.82 0.75 0.85 0.86 0.79 0.78 0.82 0.68 0.58 0.66 0.79 0.70 0.71 0.73 0.61 0.70 0.71 0.90 0.78 0.56 0.66 0.63 0.71 0.64 0.86 0.73 0.99 0.82 0.73 0.76 0.71 0.66 0.75 0.76 0.79 0.80 0.64 0.68 0.41 0.55 0.40 0.48 0.44 0.64 0.52 0.43 0.01 0.00 0.00 0.00 0.00 0.00 0.00 0.00 0.00 0.00 0.00
0.78 0.86 0.89 0.91 0.86 0.66 0.82 0.77 0.80 0.83 0.90 0.71 0.81 0.98 1.02 0.94 0.97 0.95 0.96 0.90 0.68 0.71 0.78 0.69 0.73 0.71 0.72 0.81 0.65 0.68 0.78 0.76 0.67 0.63 0.76 0.78 0.63 0.64 0.80 0.77 0.91 0.67 0.75 0.77 0.66 0.73 0.58 0.73 0.70 0.81 0.72 0.69 0.90 0.72 0.78 0.71 0.78 0.80 0.79 0.65 0.91 0.78 0.76 0.72 0.83 0.73 0.90 0.84 0.75 0.75 0.01 0.00 0.00 0.00 0.00 0.00 0.00 0.00 0.00 0.00
0.61 0.73 0.84 0.80 0.60 0.80 0.76 0.58 0.63 0.63 0.52 0.67 0.57 0.63 0.54 0.47 0.54 0.55 0.59 0.50 0.77 0.73 0.84 0.84 0.84 0.76 0.87 0.88 0.76 0.82 0.65 0.74 0.73 0.95 0.66 0.61 0.68 0.73 0.71 0.80 0.96 0.92 0.73 0.75 0.85 0.83 0.73 0.91 0.93 1.02 0.86 0.79 0.75 0.75 0.73 0.81 0.72 0.69 0.74 0.72 0.78 0.81 0.68 0.66 0.61 0.74 0.72 0.77 0.67 0.65 0.81 0.01 0.00 0.00 0.00 0.00 0.00 0.00 0.00 0.00
0.65 0.70 0.76 0.66 0.58 0.67 0.73 0.62 0.61 0.50 0.46 0.67 0.48 0.56 0.46 0.42 0.51 0.51 0.44 0.40 0.85 0.82 0.84 0.89 0.84 0.84 0.89 0.92 0.85 0.84 0.72 0.73 0.77 0.88 0.70 0.64 0.73 0.72 0.74 0.80 1.00 0.89 0.68 0.77 0.82 0.84 0.73 0.96 0.86 1.04 0.86 0.82 0.76 0.73 0.74 0.77 0.81 0.88 0.82 0.79 0.63 0.66 0.63 0.54 0.59 0.66 0.61 0.71 0.57 0.59 0.89 0.56 0.01 0.00 0.00 0.00 0.00 0.00 0.00 0.00
0.61 0.72 0.76 0.67 0.64 0.77 0.77 0.74 0.69 0.27 0.54 0.68 0.38 0.55 0.53 0.52 0.53 0.53 0.53 0.40 0.78 0.88 0.88 0.87 0.90 0.89 0.97 1.05 0.92 0.90 0.66 0.82 0.73 0.96 0.75 0.73 0.77 0.71 0.72 0.85 0.98 0.91 0.61 0.86 0.89 0.87 0.84 1.00 0.97 1.10 0.87 0.89 0.89 0.78 0.84 0.88 0.93 0.98 0.83 0.78 0.72 0.84 0.70 0.72 0.68 0.82 0.58 0.77 0.62 0.78 0.85 0.60 0.49 0.00 0.00 0.00 0.00 0.00 0.00 0.00
0.76 0.72 0.79 0.84 0.75 0.80 0.76 0.64 0.78 0.77 0.73 0.71 0.74 0.80 0.78 0.73 0.80 0.82 0.74 0.77 0.78 0.80 0.83 0.84 0.77 0.84 0.82 0.88 0.82 0.81 0.72 0.72 0.73 0.79 0.69 0.78 0.69 0.71 0.75 0.80 0.78 0.54 0.78 0.75 0.68 0.80 0.76 0.73 0.76 0.82 0.80 0.80 0.81 0.75 0.73 0.75 0.81 0.83 0.81 0.72 0.72 0.75 0.77 0.76 0.71 0.79 0.80 0.75 0.74 0.74 0.74 0.72 0.74 0.78 0.06 0.00 0.00 0.00 0.00 0.00
0.69 0.82 0.81 0.68 0.63 0.80 0.79 0.59 0.71 0.46 0.47 0.73 0.44 0.47 0.36 0.51 0.48 0.44 0.39 0.35 0.85 0.84 0.90 0.88 0.90 0.85 0.89 0.94 0.88 0.96 0.64 0.73 0.79 0.95 0.75 0.70 0.79 0.76 0.77 0.88 0.99 0.93 0.72 0.85 0.81 0.89 0.78 0.97 0.99 1.03 0.86 0.86 0.89 0.78 0.81 0.90 0.81 0.86 0.84 0.81 0.67 0.82 0.75 0.76 0.71 0.79 0.60 0.87 0.68 0.79 0.98 0.56 0.42 0.45 0.74 0.01 0.00 0.00 0.00 0.00
0.74 0.93 0.86 0.70 0.82 0.87 0.84 0.78 0.84 0.42 0.67 0.84 0.53 0.46 0.52 0.65 0.54 0.43 0.52 0.52 0.91 0.93 0.94 0.94 0.95 0.87 0.97 0.97 0.91 0.92 0.80 0.93 0.86 0.87 0.79 0.81 0.77 0.79 0.93 0.83 1.01 1.02 0.75 0.85 0.94 1.02 0.91 1.03 1.08 1.03 0.95 0.97 0.91 0.89 0.92 0.91 0.95 0.97 0.85 0.86 0.74 0.92 0.87 0.83 0.80 0.88 0.80 0.88 0.78 0.90 0.89 0.61 0.62 0.54 0.83 0.50 0.00 0.00 0.00 0.00
0.63 0.80 0.80 0.75 0.69 0.74 0.81 0.67 0.79 0.47 0.54 0.67 0.52 0.48 0.48 0.46 0.54 0.55 0.51 0.43 0.82 0.83 0.82 0.87 0.90 0.79 0.92 0.88 0.76 0.93 0.71 0.80 0.76 0.94 0.72 0.73 0.74 0.71 0.75 0.96 0.94 0.89 0.69 0.89 0.80 0.84 0.76 0.94 0.91 1.08 0.85 0.88 0.86 0.79 0.79 0.84 0.87 0.91 0.82 0.81 0.60 0.82 0.77 0.63 0.69 0.81 0.69 0.84 0.62 0.77 0.80 0.56 0.53 0.46 0.75 0.44 0.57 0.01 0.00 0.00
0.69 0.77 0.82 0.78 0.69 0.82 0.84 0.67 0.73 0.58 0.43 0.68 0.57 0.58 0.50 0.55 0.54 0.58 0.47 0.50 0.83 0.75 0.77 0.87 0.88 0.79 0.86 0.86 0.68 0.83 0.75 0.78 0.76 1.00 0.67 0.73 0.73 0.80 0.78 0.84 0.77 0.90 0.71 0.81 0.81 0.79 0.71 0.90 0.90 0.95 0.82 0.80 0.80 0.75 0.78 0.77 0.81 0.83 0.91 0.82 0.71 0.80 0.79 0.71 0.56 0.78 0.71 0.81 0.74 0.76 0.74 0.57 0.50 0.55 0.72 0.46 0.69 0.40 0.01 0.00
0.68 0.76 0.88 0.80 0.62 0.76 0.87 0.68 0.68 0.62 0.54 0.67 0.56 0.65 0.55 0.48 0.59 0.56 0.59 0.57 0.80 0.77 0.82 0.82 0.85 0.82 0.93 0.89 0.78 0.83 0.70 0.75 0.73 0.85 0.70 0.70 0.69 0.74 0.81 0.80 0.92 0.86 0.70 0.79 0.78 0.80 0.70 0.88 0.88 1.04 0.77 0.78 0.80 0.74 0.70 0.67 0.76 0.77 0.92 0.72 0.75 0.68 0.72 0.60 0.54 0.68 0.69 0.76 0.67 0.58 0.81 0.47 0.47 0.57 0.76 0.53 0.65 0.53 0.50 0.01
